208,3135,2702177
1018,24330,9470
913,51688,27376
719,70886,95176
843,87485,48191
1234,103021,7
529,103936,231208
382,143043,578017
1106,198577,2289
1204,200637,65
1230,218809,10
468,221076,330305
106,237289,7603845
793,241332,66778
604,250592,158847
40,262914,16535827
829,267865,53692
652,317653,131339
1107,332069,2288
1232,350946,7
117,382298,6704442
426,389203,425537
803,422386,61485
1134,480271,687
847,530168,47297
1034,559747,7991
311,568199,1044147
55,634372,12692645
892,722243,32606
27,775291,22651671
873,803518,39146
992,848612,12286
319,865655,965955
541,885487,221545
209,886338,2692477
394,901054,530856
503,921182,267339
373,966781,636178
856,996590,42843
657,1009756,128646
662,1011474,125575
111,1026548,7071805
871,1041221,39325
778,1047404,71368
834,1089394,52364
691,1160101,108251
909,1160381,28690
948,1191124,20814
387,1215265,556571
302,1225460,1164679
1184,1238478,162
689,1241525,108956
263,1266205,1637208
558,1326730,192346
233,1355797,2289473
177,1423290,3807657
922,1529200,25554
413,1590771,464825
134,1633631,5356981
809,1689189,60175
1041,1690407,7143
403,1706917,504052
635,1776976,140723
595,1783519,163865
786,1846025,69534
700,1869052,103625
1011,1902556,9908
523,1903372,236947
1216,1967835,30
381,2005018,580174
483,2020285,303848
224,2022011,2463277
300,2022233,1184433
427,2079950,423486
347,2095389,760001
165,2282801,4177438
48,2327672,13166155
148,2355594,4879108
600,2359863,160909
12,2429270,41591609
1162,2470796,328
725,2472169,91853
128,2514862,5733647
25,2529286,24496037
410,2556366,472699
860,2557016,41129
520,2624751,242745
414,2628162,463568
93,2672646,8422107
969,2732105,16031
612,2741955,152799
113,2764142,6968061
833,2834599,52862
519,2849310,244919
164,2877629,4298332
900,2896896,30927
533,2915775,228583
927,2928875,24766
71,2964570,10648363
528,2967660,232092
246,2998342,1974430
41,3030369,15510752
1057,3084923,5879
964,3090165,16680
1062,3118342,5341
754,3167251,80269
720,3188556,95087
36,3237224,17709507
8,3330183,47104574
178,3349541,3780830
440,3361700,397960
297,3409134,1252919
800,3416130,62434
781,3420041,70217
357,3442394,715339
122,3456477,6239692
885,3542945,35286
968,3546174,16173
1032,3577074,8285
1001,3578322,11043
713,3610753,97203
621,3745851,146949
181,3758216,3584399
1123,3763830,984
851,3767275,44848
976,3826825,14690
24,3857965,28116909
123,3861322,5935547
945,3888918,21011
1002,3895313,10954
220,3943435,2520297
431,3956610,416679
788,3966078,68046
917,3989019,26746
764,4037445,76206
1086,4053418,3987
1040,4081565,7439
574,4103061,180178
412,4202832,468950
492,4208879,286992
214,4212562,2637968
827,4213549,54664
1074,4215573,4367
1015,4223212,9611
323,4227564,930921
1038,4243260,7505
185,4257461,3479471
698,4291569,104143
824,4313753,55932
277,4323298,1446874
663,4336123,125523
916,4379783,26852
723,4400005,92969
615,4404387,151353
997,4447789,11741
26,4448391,23394183
325,4455981,896503
899,4483134,31186
732,4522417,88903
580,4523269,174418
891,4523624,32632
733,4560143,88873
1201,4592307,75
872,4597869,39201
750,4604717,82125
460,4607526,348458
912,4625704,27832
1068,4646333,4616
103,4648719,7842527
1115,4671523,1730
527,4694879,233607
850,4699725,45275
417,4792842,449042
448,4794509,373442
484,4796670,301501
879,4801670,37596
855,4887363,42938
987,4891214,12659
98,4933528,8045972
940,4943400,22165
276,4953175,1450101
489,7434926,290990
282,7437929,1396416
411,7467464,469316
58,7520194,12352545
85,7531779,9264431
310,7549327,1071544
634,7565181,141752
742,7587840,86014
212,7634652,2680038
740,7647789,87082
167,7663724,4155538
628,7683705,144329
438,7707293,403169
963,7731521,16812
80,7733183,9478933
534,7762723,228126
905,7807227,30194
581,7861722,172527
447,7873061,377805
482,7911729,304098
782,7938947,70169
828,8008687,54285
124,8031669,5857221
442,8064926,387715
674,8104989,118724
445,8175891,381448
926,8189027,24865
390,8224850,552218
521,8242032,242168
1143,8246150,501
268,8246770,1564072
400,8318841,519638
350,8346072,755768
1183,8348797,170
859,8423392,42114
32,8487569,19851020
435,8500577,407617
416,8572750,455442
398,8594589,523007
116,8601150,6790218
832,8616160,53159
63,8624538,12135468
601,8643678,159903
763,8663824,76257
777,8691940,71553
351,8706278,750625
653,8723470,130096
496,8724920,283424
974,8761508,15125
16,8828632,36378018
418,8841372,447047
240,8850332,2131406
274,8915658,1510464
157,8920047,4655886
726,8933139,90798
530,8956418,230644
182,9002999,3549159
1049,9024545,6369
637,9046259,139514
1157,9049602,353
602,9064226,159802
1053,9069751,6175
668,9074586,122351
1169,9082711,237
295,9088320,1277369
346,9111308,761698
1033,9123752,8047
463,9146244,339675
377,9175557,613582
201,9177385,2849958
454,9235028,363189
823,9239362,56653
1113,9239900,1831
1089,9247761,3502
722,9249362,94684
204,9263418,2769903
1077,9264537,4298
821,9272899,57595
729,9273737,89521
273,9273965,1518376
746,9284626,83836
644,9285224,135839
807,9319347,60304
222,9330037,2485638
362,9351988,668889
636,9360895,140323
239,9373633,2156956
576,9395007,175457
138,9402115,5283423
556,9404898,197866
331,9428477,831719
874,9442449,39066
888,9460639,34591
226,9464374,2435692
522,9466514,242085
216,9486523,2598378
994,9494870,12109
437,9497362,406350
893,9504623,32238
772,9518859,73121
1191,9534177,99
921,9535255,25679
693,9540131,107643
624,9585048,145548
744,9588828,84515
1058,9589364,5877
666,9591907,123351
805,9592666,60884
608,9604455,153832
207,9609554,2730054
158,9618074,4647922
322,9618373,935158
335,9626985,815776
1030,9633180,8397
105,9645987,7648302
97,9680529,8101721
875,9682465,38474
1174,9687221,208
424,9692357,427454
305,9696773,1111791
743,9715852,84868
285,9719084,1364693
985,9722317,13015
591,9726572,165422
745,9730076,83851
881,9738365,37515
756,9739587,78913
69,9740970,11120402
57,9745307,12363913
961,9747178,17082
107,9754276,7497217
664,9755423,125292
425,9756090,427245
656,9759264,129118
1025,9765343,8899
228,9765914,2359808
869,9769137,39631
1147,9772647,470
683,9773949,114089
176,9778158,3871654
937,9780410,22511
47,9783799,13324424
865,9787745,40017
91,9794166,8852568
318,9804590,969620
99,9812866,8029215
1008,9816586,10075
852,9817877,44599
13,9822692,41082968
133,9829584,5362854
573,9830617,180393
188,9841919,3389997
375,9850705,617743
996,9855604,12018
643,9864873,136276
1190,9868993,118
408,9876722,479622
385,9891648,568567
104,9905924,7829726
813,9906670,59697
944,9906924,21115
393,9913772,534230
1075,9937811,4343
359,9948582,706098
456,9948696,361798
1064,9954918,5275
677,9956938,115871
82,9957796,9330368
735,9960123,88357
81,9967074,9423085
895,9971387,31831
627,9979858,144600
1043,9980904,6763
748,9981214,82806
925,9984094,24993
1022,9988994,9301
51,9989947,13018427
1218,9991275,26
479,9993734,307989
554,10006413,202395
648,10006848,132289
267,10007454,1579097
915,10013820,27011
678,10016824,115670
186,10056810,3417558
835,10060675,52325
1087,10078112,3964
218,10096481,2548281
450,10101460,369349
544,10106327,217086
626,10115392,145064
942,10117247,21327
791,10125449,67260
1185,10144642,157
192,10146045,3192037
514,10159601,248037
811,10176252,60093
1006,10177562,10634
343,10178428,781478
1206,10186786,59
365,10191999,661470
1118,10199915,1253
1179,10207899,198
935,10223484,23012
504,10232146,262369
752,10237688,80809
651,10239126,131743
374,10248034,632823
17,10251480,35131159
429,10256288,420729
884,10265807,35525
631,10273573,143064
718,10284836,95286
278,10285283,1433171
44,10303679,15048486
1071,10310590,4580
296,10323060,1258682
547,10331147,214313
242,10343308,2086292
474,10345680,322199
370,10351055,639739
38,10362516,17494536
972,10363081,15633
329,10363882,855632
563,10378380,189918
462,10404337,342703
549,10404773,210911
532,10416661,228694
1021,10425053,9363
35,10436679,18187746
92,10441858,8757746
1095,10452473,2717
137,10457316,5288171
784,10458494,69662
364,10468772,665203
253,10471994,1787571
1028,10492145,8487
619,10498849,147547
333,10501770,831401
72,10503971,10251216
472,10508177,325768
1110,10516819,2071
938,10526561,22253
566,10537427,188393
11,10579887,43984967
907,10580834,28983
524,10610027,235011
1156,10616311,359
647,10619297,133449
64,10621422,12135043
989,10621950,12559
599,10627241,160980
29,10637560,21501257
957,10643155,18040
315,10644867,990307
257,10648101,1738895
993,10658077,12284
345,10660491,770861
536,10676513,225665
251,10688292,1893549
1138,10690393,624
476,10709944,317437
60,10713552,12207934
281,10735961,1406017
376,10742302,615039
854,10746676,44009
977,10747056,14637
545,10768074,215884
962,10775231,17067
189,10790105,3374968
816,10807416,59147
696,10827122,104598
168,10845623,4141092
991,10866507,12406
929,10867005,24281
307,10927288,1097312
160,10933786,4494715
272,10950753,1519146
494,10962865,286311
1228,10971993,17
709,10972989,98696
1225,10977709,20
757,10989461,78893
68,10994045,11183528
59,10995429,12342728
170,10997566,4083033
109,11003547,7144886
136,11004230,5302977
1154,11016469,388
766,11020809,75897
886,11033911,35263
100,11036562,7974133
112,11036879,7053735
152,11040873,4800620
62,11044181,12136064
363,11048328,668132
142,11052741,5076632
1084,11055813,4051
1099,11057294,2557
887,11062763,34868
933,11067456,23398
129,11075200,5707944
1101,11075738,2424
255,11078777,1764887
1112,11079554,1907
1061,11079927,5370
586,11091514,166920
505,11093157,260007
348,11111389,759118
617,11115304,148240
6,11116419,53474734
73,11116580,10223020
336,11117996,815666
42,11118730,15257630
259,11119126,1735192
28,11119147,21603793
469,11120978,330014
629,11121928,143394
1168,11125000,253
299,11129033,1196528
789,11129135,67405
1133,11137279,688
78,11148676,9688169
3,11153556,82561502
1211,11153842,36
999,11154353,11268
502,11156736,268480
43,11166958,15112755
1137,11168290,627
931,11168411,23559
266,11173044,1602988
838,11173388,51646
5,11179200,61956196
444,11180929,384998
727,11181835,89999
988,11195909,12584
1141,11199046,546
692,11199302,108185
1215,11203298,30
470,11203348,329524
366,11207522,661273
607,11215489,155221
951,11217090,20120
958,11218411,17597
861,11219365,40837
478,11222538,308569
304,11224167,1135459
526,11225915,233759
21,11230901,30114467
464,11234482,335192
910,11234497,28644
372,11236133,637488
135,11236834,5335011
550,11244682,210061
1070,11245065,4605
292,11245940,1280532
45,11250671,14520352
646,11251150,133803
902,11252505,30514
538,11256005,221852
298,11267484,1231866
261,11267485,1674116
248,11268329,1919992
154,11270933,4731342
459,11273727,354616
863,11274369,40456
467,11275707,330585
583,11278858,168200
1096,11279806,2681
330,11279908,845101
144,11281656,5016050
187,11282561,3416773
979,11284257,14577
561,11287875,191210
321,11289604,937982
565,11291153,189583
562,11291404,189940
262,11293057,1656130
409,11297454,474471
990,11297966,12418
1219,11303059,23
18,11308595,34236375
1050,11311321,6297
960,11317461,17285
1144,11319233,493
466,11320640,331683
797,11320981,64603
15,11322457,38788351
1166,11327990,258
89,11328645,8973272
775,11328982,71561
577,11329728,175400
712,11330722,97724
794,11331072,66440
1116,11332326,1619
918,11335098,26045
702,11336348,102396
984,11341866,13866
354,11342316,737815
1091,11345061,3080
130,11349513,5503900
676,11349534,117831
491,11352765,287722
172,11358159,4001453
290,11361947,1312198
1078,11362242,4245
1037,11362418,7733
477,11363503,315046
1076,11364013,4316
1094,11365489,2751
401,11366164,515322
1035,11368465,7876
1059,11369099,5621
497,11371362,283198
946,11371577,20833
67,11375052,11590492
1114,11377047,1796
955,11377256,19032
734,11378426,88868
61,11379184,12184236
978,11381925,14596
569,11381957,187424
457,11381976,359521
697,11381978,104270
90,11381981,8951917
930,11382019,23570
141,11382044,5169111
680,11382104,115475
421,11382199,438849
688,11382201,111346
339,11382202,798171
585,11382213,167911
397,11382235,524500
908,11382491,28860
980,11382866,14290
845,11382967,47776
1027,11383301,8672
724,11384335,92268
588,11384677,166662
1173,11385520,218
765,11385611,76027
342,11385631,784282
1129,11385801,759
451,11386174,367205
579,11386823,174422
517,11387295,245962
1176,11387768,206
1097,11388156,2645
654,11388723,129406
190,11388962,3251053
175,11390345,3888986
542,11392673,221337
234,11392794,2266658
1092,11392943,2933
956,11395166,18092
1120,11395456,1121
681,11396080,115046
286,11399649,1354584
543,11399884,220314
407,11400374,483116
707,11400585,100477
1199,11400910,80
1044,11401065,6721
817,11401511,59106
919,11402198,26023
1039,11402429,7458
391,11402681,549387
774,11402800,71695
570,11403667,186831
180,11405144,3611941
236,11405226,2216043
564,11406317,189612
839,11406946,50735
738,11407108,87367
131,11407111,5437304
1100,11407119,2545
1171,11407123,220
1117,11407130,1533
848,11407231,46158
815,11407450,59430
1047,11407717,6619
20,11408563,31637711
498,11408610,282458
380,11410494,584596
518,11416093,245037
269,11420814,1560854
1140,11422826,578
488,11423740,292284
126,11424186,5797101
150,11425532,4859687
589,11428951,165829
358,11429303,707290
731,11429335,89353
1105,11430151,2294
970,11430913,15970
1132,11430949,718
1163,11433773,300
110,11433890,7082692
649,11434215,132123
439,11434438,398118
258,11434460,1735347
507,11434617,255175
1235,11436684,6
480,11437381,305928
675,11438480,118674
836,11438689,52066
1145,11439374,481
622,11440038,145773
184,11440151,3493261
819,11440605,57971
34,11441400,18220930
199,11441585,2940079
162,11444412,4336817
101,11446460,7950028
870,11446598,39627
19,11448210,32994235
1161,11451549,332
75,11453644,10165480
465,11454354,333508
862,11454738,40679
7,11455007,47830718
792,11455233,66920
308,11455669,1088416
1187,11456762,148
640,11457670,137708
402,11457808,510816
1090,11457850,3408
1026,11457876,8791
981,11457922,14237
670,11457941,121067
1128,11458062,872
755,11458072,79967
1045,11458079,6670
221,11458106,2492474
452,11458220,364171
399,11458236,522931
356,11458373,729061
741,11458532,86516
877,11459760,38078
4,11459855,63440908
243,11459920,2072724
119,11460850,6462115
665,11461431,125184
1065,11461845,5170
659,11462520,127576
867,11462671,39953
1111,11462697,1978
682,11462827,114890
434,11463679,413179
198,11465065,2966882
539,11466118,221658
512,11466721,251912
291,11466831,1289033
767,11466993,74554
1121,11467327,1080
127,11467527,5743829
1004,11467586,10778
1079,11467915,4186
578,11467949,174820
1209,11467986,49
1000,11467998,11065
787,11468423,69499
83,11469373,9300332
495,11469529,283522
210,11469925,2690951
806,11470100,60711
593,11470355,165284
894,11470502,32027
810,11470630,60097
294,11470640,1278453
396,11470893,524591
146,11472334,4948817
194,11472684,3181007
714,11473734,97071
367,11474044,658170
822,11475453,57215
312,11475576,1040841
633,11475608,142074
555,11476128,199018
1165,11476245,267
493,11476488,286603
1126,11476860,911
1224,11477238,20
1175,11477455,208
717,11477901,95755
115,11478315,6823007
568,11479239,188164
685,11479481,113464
37,11479525,17687081
473,11480242,322439
320,11480665,963348
428,11480773,421712
801,11481794,62360
939,11482104,22226
551,11482116,208035
1014,11482122,9752
316,11482136,989799
587,11482176,166771
760,11482197,76809
934,11482406,23189
525,11482451,234550
771,11482513,73515
949,11482521,20763
490,11482613,289057
1080,11482741,4100
1186,11482945,154
337,11483339,811502
582,11483522,169638
598,11483759,162107
140,11484261,5239734
610,11484352,153286
9,11484396,46387559
914,11485453,27038
516,11485996,246635
557,11486106,196463
509,11486132,255060
820,11486738,57925
485,11486742,298276
458,11487784,356855
575,11488648,176326
179,11488973,3706184
314,11489380,1000619
33,11489661,19765924
270,11489673,1549978
120,11489677,6364952
191,11489685,3197271
121,11489689,6364200
132,11489690,5423263
309,11489701,1087506
155,11489702,4725105
254,11489711,1784814
245,11489716,2013614
546,11489717,215833
223,11489719,2467223
695,11489729,105331
954,11489731,19457
169,11489732,4097841
200,11489735,2909922
206,11489739,2751712
443,11489754,386413
197,11489758,3037059
289,11489759,1329450
271,11489765,1527694
260,11489766,1731358
279,11489777,1419948
205,11489779,2763833
796,11489780,64641
118,11489783,6487670
241,11489784,2098279
156,11489847,4688766
50,11489850,13032267
642,11489864,136332
844,11490013,47788
166,11490128,4175607
153,11490201,4747484
288,11490685,1348235
511,11491352,253084
679,11491589,115621
603,11491740,159802
1103,11491843,2339
249,11492922,1908518
252,11493057,1837340
287,11493219,1348372
79,11493248,9598749
613,11493450,151520
770,11493529,73592
730,11493747,89471
76,11493885,10060003
753,11494026,80734
151,11494228,4822304
125,11494985,5798644
655,11496253,129149
1083,11497547,4066
1067,11498190,5017
195,11502983,3100704
858,11503375,42232
22,11503621,29384716
352,11504338,746261
808,11506153,60212
203,11506329,2777340
215,11506383,2599351
108,11506509,7218812
1212,11506677,36
708,11507166,99628
620,11508331,146995
384,11508402,569297
1231,11508615,10
606,11509973,157045
768,11512555,74068
611,11512612,153210
149,11512702,4862914
284,11512795,1384321
225,11513858,2444080
171,11514007,4051628
94,11514656,8418759
1130,11515257,752
383,11517752,575015
1009,11517971,10066
880,11518142,37595
500,11518282,274480
1222,11519127,21
1052,11519668,6179
947,11520119,20818
56,11520127,12471886
388,11520517,553996
1066,11520855,5054
967,11522507,16189
737,11522530,87555
86,11522566,9258607
728,11523474,89900
301,11524216,1171881
747,11525988,83658
1153,11526954,400
487,11527172,293675
332,11527470,831633
739,11528469,87364
453,11528714,363207
1013,11528848,9764
481,11529155,305348
238,11529320,2164496
244,11529656,2062869
84,11530394,9266949
31,11530679,20031416
95,11530783,8311811
283,11532214,1393418
1046,11534181,6653
159,11535206,4554736
449,11535784,370751
686,11536783,112846
706,11537247,100767
876,11537664,38375
1196,11537982,85
102,11538045,7849755
510,11538436,255058
455,11539985,362663
441,11540994,391597
392,11541393,534894
749,11541731,82540
590,11542629,165681
1136,11542820,643
361,11543241,673635
761,11544222,76302
1016,11544449,9517
1139,11544495,617
174,11544562,3938418
211,11544836,2689174
386,11544860,564336
868,11545803,39822
499,11546804,276936
837,11546979,52041
1241,11547151,1
923,11547350,25167
762,11547493,76300
1189,11547600,130
247,11547740,1933246
1195,11547756,86
928,11547807,24566
1,11548015,167042591
65,11548196,11821591
74,11549374,10178318
77,11550398,9764512
710,11551445,98585
70,11551548,11089280
338,11551802,804008
326,11552136,891444
306,11552404,1097745
853,11552415,44290
904,11552741,30222
966,11552787,16382
515,11552869,247458
30,11553041,20994978
1102,11553201,2384
769,11555025,74024
256,11555470,1764690
14,11556591,40994134
1017,11556760,9471
531,11556811,230137
658,11556943,127997
715,11557940,96932
88,11558227,9059656
139,11558452,5253956
10,11558529,46224450
161,11558847,4466874
52,11558907,12926451
671,11560378,120548
567,11560456,188213
379,11560457,601557
163,11560762,4321344
66,11561310,11819265
2,11561315,85622891
303,11561365,1152850
650,11561567,132101
324,11561636,915396
471,11561856,329464
217,11562062,2570085
53,11562089,12799756
317,11562270,984304
147,11562341,4936644
641,11562385,137377
340,11562463,795767
818,11562596,58762
419,11562791,440722
293,11562993,1278721
371,11563339,639558
23,11563438,28263805
1031,11563440,8394
39,11563574,16912948
751,11563794,80982
196,11563820,3060763
250,11563951,1894361
592,11563992,165290
903,11564420,30408
145,11564500,4955677
54,11564532,12751611
436,11564682,407381
432,11564788,415583
901,11564845,30842
639,11564952,138883
669,11565151,121698
213,11565196,2643051
1188,11565197,138
219,11565580,2544885
227,11565707,2364198
630,11565714,143069
572,11566274,182894
597,11566402,162966
1051,11566472,6195
275,11566546,1450754
716,11566571,96312
1242,11567120,1
422,11567143,431303
264,11567515,1617742
395,11567676,525252
327,11568235,882094
795,11568244,64900
711,11568289,98362
87,11568376,9132314
280,11568547,1412137
841,11568771,49486
328,11568813,855702
1122,11568874,1055
609,11568899,153563
1198,11568934,82
1024,11569288,8930
46,11569367,13718928
183,11569380,3542004
1200,11569640,79
690,11569649,108301
193,11569729,3189021
486,11569791,295942
1029,11569801,8450
849,11570003,45811
49,11570156,13100244
265,11570259,1611352
632,11570339,142897
540,11570369,221573
232,11570414,2290157
553,11570430,206169
446,11570607,378412
114,11570705,6918232
173,11570856,3955245
975,11571130,14730
906,11571433,29602
950,11571621,20424
349,11571712,757250
776,11571740,71556
231,11571776,2296443
513,11572031,250583
825,11572135,54885
143,11572211,5071728
1069,11572347,4616
368,11572357,646875
353,11572407,742490
430,11572429,417226
537,11572482,222297
1220,11572723,22
341,11572829,793988
415,11572901,457511
235,11572929,2253089
798,11573026,64344
995,11573152,12105
535,11573191,226666
584,11573192,167995
313,11573319,1020185
645,11573382,135648
882,11573441,36483
773,11573455,72397
594,11573477,164054
785,11573494,69594
552,11573618,206434
672,11573770,120353
661,11573865,125673
344,11573872,776420
96,11573927,8235029
758,11574042,78578
405,11574091,499740
369,11574155,642393
866,11574189,39979
638,11574196,139502
230,11574201,2311617
694,11574210,106754
667,11574304,122880
378,11574362,611457
802,11574409,61556
736,11574622,88061
237,11574645,2192087
864,11574715,40242
355,11574743,730124
883,11574964,36103
229,11574996,2315169
799,11575001,62934
1060,11575192,5481
605,11575276,158454
705,11575343,101826
623,11575375,145671
684,11575386,113882
701,11575394,102947
790,11575485,67365
783,11575486,70059
857,11575557,42498
878,11575619,37731
625,11575667,145507
1048,11575679,6588
423,11575779,429103
420,11576041,439829
506,11576341,257333
759,11576459,78043
389,11576585,553744
842,11576591,48884
404,11576664,500324
548,11577402,213358
360,11577500,697197
461,11579057,345953
889,11579752,34017
699,11579883,104056
1081,11580006,4097
846,11580435,47743
1172,11580546,220
1012,11581259,9898
1197,11581406,84
1042,11581532,6806
920,11582177,25957
780,11582311,70713
703,11582378,102172
571,11583476,183459
983,11583789,13951
1082,11583949,4080
812,11584283,59964
896,11584375,31739
779,11584509,71331
840,11585781,50137
1007,11586177,10410
660,11586893,127317
202,11587021,2795137
1236,11587150,5
618,11587413,147990
1108,11588044,2256
1180,11588104,184
1221,11588143,21
596,11588332,163321
560,11588485,191520
971,11588522,15658
1088,11588836,3547
1238,11589114,2
559,11589290,191671
1054,11589311,6172
890,11589456,33000
1119,11589719,1124
721,11589753,94859
1124,11590200,961
826,11590538,54756
1208,11590545,53
1010,11591567,9914
1023,11592066,8971
433,11592122,413931
673,11592213,120070
814,11592376,59518
965,11593052,16387
501,11593260,271413
1085,11593485,4045
1227,11593779,17
953,11594257,19713
1148,11594408,442
614,11594803,151413
1243,11595043,1
1205,11595320,62
831,11595502,53206
1149,11595728,441
911,11595949,28432
475,11596184,321747
1150,11597059,436
952,11597785,19957
830,11597925,53513
1127,11598026,897
941,11598200,21627
1167,11598623,254
616,11598722,149828
1194,11598925,89
924,11599128,25016
1240,11599494,1
943,11600220,21228
1214,11600717,34
1072,11601072,4481
1203,11601139,67
1019,11601165,9433
508,11601181,255087
959,11601632,17433
898,11601804,31514
334,11602122,828733
1213,11602143,36
687,11602550,112717
897,11602559,31623
804,11602703,61072
1151,11602905,423
1177,11603058,204
1152,11603540,421
1217,11603668,30
1073,11604229,4431
1056,848858078,6050
973,848882576,15540
1159,848883412,336
1178,848883785,203
1055,848883902,6062
998,848884260,11333
1005,848884336,10771
932,848885067,23434
1036,848885746,7869
1098,848885909,2560
982,848885923,13960
1170,848886041,228
406,848886112,484262
1135,848886212,646
1063,848887248,5307
1192,848887416,93
1142,848887735,540
986,848887783,12950
1020,848888067,9414
1226,848888205,19
1125,848888465,916
704,848888470,102026
1131,848888660,750
936,848889226,22833
1109,848890127,2076
1233,848890315,7
1207,848890448,54
1104,848890647,2299
1003,848891270,10880
1193,848891348,91
1093,848891507,2826
1164,848891581,280
1146,848891608,476
1202,848892675,74
1182,848892695,171
1223,848892704,20
1210,848893137,41
1229,848893834,15
1181,848893880,173
1244,848894103,1
1158,848894203,341
1237,848894300,2
1155,848894338,381
1239,848894641,1
1160,848894962,336
