140,3135,2147452
685,51688,2321
934,70886,38
658,87485,3223
341,103936,143355
298,143043,260318
951,198577,13
921,200637,65
714,221076,1722
228,237289,897276
869,241332,222
636,250592,4235
104,262914,3316001
596,267865,6708
640,317653,3996
91,382298,3755945
959,389203,9
774,422386,748
897,480271,142
587,530168,7511
577,559747,7991
227,568199,900860
67,634372,4683679
946,722243,18
3,775291,17560078
586,803518,7517
366,865655,97481
554,885487,9869
179,886338,1488886
855,921182,273
279,966781,375497
566,996590,8627
576,1009756,7994
369,1011474,89537
47,1026548,5725671
915,1041221,81
514,1089394,14510
847,1160101,288
885,1160381,186
933,1191124,40
761,1215265,900
281,1225460,363831
911,1241525,90
216,1266205,1004864
497,1326730,17413
154,1355797,1927408
143,1423290,2099006
467,1590771,23897
52,1633631,5296809
857,1689189,256
599,1690407,6546
410,1706917,48901
402,1776976,57017
892,1846025,156
654,1869052,3289
437,1903372,33550
480,2005018,21759
491,2020285,18418
155,2022011,1907685
344,2022233,138510
650,2079950,3572
464,2095389,24681
207,2282801,1130718
27,2327672,7661412
108,2355594,3119852
355,2359863,112746
4,2429270,16031559
961,2470796,9
888,2472169,180
55,2514862,5064749
42,2529286,6222989
340,2556366,145083
521,2628162,13806
125,2672646,2572936
882,2732105,194
803,2741955,559
50,2764142,5547637
751,2849310,1083
253,2877629,604726
622,2896896,5236
718,2915775,1658
465,2928875,24662
41,2964570,6239711
820,2967660,460
284,2998342,327903
37,3030369,6605669
712,3084923,1748
782,3090165,704
752,3118342,1024
439,3167251,32711
394,3188556,62056
134,3237224,2240685
2,3330183,18104242
163,3349541,1699271
347,3361700,130666
616,3409134,5659
938,3416130,30
551,3442394,10211
210,3456477,1097108
705,3542945,1889
928,3546174,49
376,3610753,83491
703,3745851,1951
198,3758216,1259858
16,3857965,9729596
256,3861322,588013
728,3888918,1518
443,3943435,30578
495,3956610,17587
425,3966078,38233
572,3989019,8352
844,4037445,300
678,4053418,2538
696,4103061,2106
716,4208879,1681
391,4212562,64956
549,4213549,10323
966,4223212,4
364,4227564,99140
147,4257461,2021297
663,4291569,2945
626,4313753,4925
192,4323298,1334206
817,4336123,462
917,4400005,76
539,4447789,11741
94,4448391,3656230
274,4455981,415689
828,4483134,410
878,4522417,204
830,4523269,397
926,4523624,54
903,4560143,126
866,4597869,232
633,4604717,4432
936,4607526,35
578,4625704,7945
157,4648719,1848400
570,4694879,8407
701,4699725,2014
550,4792842,10270
363,4794509,99215
477,4796670,22193
827,4801670,419
924,4887363,59
953,4891214,13
106,4933528,3229597
329,4953175,175233
806,7434926,534
308,7437929,233111
282,7467464,332283
136,7520194,2225027
46,7531779,5898212
223,7549327,941082
867,7565181,229
850,7587840,281
258,7634652,558284
667,7663724,2811
891,7683705,169
287,7707293,320594
58,7733183,4951781
372,7861722,85088
293,7911729,299373
433,8008687,35615
110,8031669,3020282
336,8064926,152445
625,8175891,4951
482,8189027,21596
699,8242032,2076
244,8246770,687163
474,8318841,22517
403,8346072,52953
695,8423392,2116
100,8487569,3461397
617,8500577,5522
905,8572750,116
276,8594589,398801
165,8601150,1666640
19,8624538,9435089
793,8643678,638
693,8691940,2157
259,8706278,544868
619,8723470,5432
7,8828632,13750999
811,8841372,505
176,8850332,1530335
196,8915658,1295656
221,8920047,959216
831,8933139,395
407,8956418,51277
113,9002999,2989851
563,9046259,9038
962,9049602,8
723,9064226,1561
775,9074586,744
864,9082711,237
204,9088320,1173245
334,9111308,156995
501,9146244,17280
505,9175557,16360
248,9177385,650320
358,9235028,106721
545,9239362,10707
186,9263418,1380049
646,9273737,3764
270,9273965,430380
481,9284626,21676
387,9285224,70509
739,9319347,1306
327,9330037,177146
436,9351988,34544
918,9360895,76
359,9373633,105401
448,9395007,29672
234,9402115,849976
553,9404898,10029
269,9428477,439214
668,9460639,2790
167,9464374,1648798
792,9466514,645
313,9486523,217584
418,9497362,40327
874,9504623,211
755,9518859,962
909,9534177,94
662,9585048,2998
702,9588828,1981
768,9592666,825
608,9604455,5837
164,9609554,1678925
85,9618074,3971428
246,9618373,659102
272,9626985,424792
174,9645987,1543950
59,9680529,4947218
558,9682465,9489
515,9692357,14383
651,9696773,3501
421,9715852,39428
314,9719084,208913
525,9722317,13000
628,9726572,4794
923,9738365,62
846,9739587,290
87,9740970,3945386
77,9745307,4267732
79,9754276,4168157
353,9756090,114199
453,9759264,29126
581,9765343,7806
367,9765914,97041
819,9772647,460
325,9778158,178164
677,9780410,2543
11,9783799,10939941
265,9794166,514279
280,9804590,369465
60,9812866,4925675
645,9816586,3775
941,9817877,27
70,9822692,4623269
305,9829584,238023
784,9830617,688
338,9841919,151150
527,9850705,12521
399,9864873,59289
904,9868993,118
268,9876722,456154
568,9891648,8531
211,9905924,1091443
964,9906924,5
700,9913772,2055
429,9948582,36849
649,9948696,3574
733,9954918,1421
49,9957796,5684517
753,9960123,997
251,9967074,624160
808,9979858,520
698,9980904,2088
57,9989947,4979136
575,9993734,8004
732,10006413,1462
288,10007454,314726
770,10013820,809
450,10016824,29654
151,10056810,2000156
502,10060675,17270
324,10096481,179056
672,10101460,2669
315,10106327,206685
671,10115392,2731
613,10117247,5757
111,10146045,3006781
912,10176252,86
271,10178428,426776
454,10191999,29094
745,10199915,1243
875,10223484,208
401,10232146,58481
529,10237688,12362
349,10239126,128725
396,10248034,61490
20,10251480,9420947
858,10256288,254
709,10265807,1786
348,10273573,130337
571,10284836,8355
379,10285283,81097
117,10303679,2870617
922,10310590,62
219,10323060,972115
562,10331147,9117
187,10343308,1375845
781,10345680,712
526,10351055,12793
40,10362516,6415469
834,10363081,365
510,10363882,15355
330,10378380,174701
319,10404337,203066
648,10404773,3644
642,10425053,3984
24,10436679,8605479
53,10441858,5287997
93,10457316,3696015
266,10468772,514108
624,10471994,4955
522,10498849,13359
245,10501770,659867
212,10503971,1053298
815,10508177,467
766,10526561,851
462,10537427,25619
131,10579887,2280849
694,10580834,2131
729,10610027,1500
965,10619297,5
115,10621422,2959883
92,10637560,3697504
843,10643155,302
600,10644867,6428
205,10648101,1169046
564,10660491,9021
790,10676513,663
283,10688292,331093
679,10709944,2503
23,10713552,8838739
508,10735961,15975
289,10742302,309158
458,10746676,26871
610,10747056,5806
894,10768074,150
150,10790105,2004274
683,10807416,2347
556,10827122,9785
277,10845623,387224
675,10866507,2553
537,10867005,11802
275,10927288,414050
247,10933786,653447
184,10950753,1404004
592,10962865,7038
952,10971993,13
893,10972989,152
494,10989461,17697
146,10994045,2034287
124,10995429,2609638
225,10997566,928320
63,11003547,4807534
80,11004230,4117940
810,11020809,509
920,11033911,72
328,11036562,176607
201,11036879,1239723
81,11040873,4102033
17,11044181,9685760
405,11048328,52155
95,11052741,3649932
833,11055813,370
506,11062763,16247
641,11067456,3992
261,11075200,540163
754,11075738,982
260,11078777,542868
913,11079927,85
426,11091514,37726
738,11093157,1311
896,11111389,146
722,11115304,1562
9,11116419,12138946
31,11116580,7072611
333,11117996,158269
54,11118730,5106757
233,11119126,873694
21,11119147,9395785
342,11120978,141788
826,11121928,425
859,11125000,253
307,11129033,234241
785,11137279,688
97,11148676,3587009
1,11153556,19270827
76,11166958,4294771
794,11168290,627
255,11173044,596315
776,11173388,739
126,11179200,2556604
389,11180929,66106
468,11181835,23759
620,11195909,5388
777,11199302,726
357,11203348,108994
559,11207522,9165
653,11217090,3448
518,11219365,14141
552,11222538,10126
243,11224167,719515
483,11225915,21374
14,11230901,10220738
326,11234482,177952
796,11236133,588
161,11236834,1788201
232,11245940,889387
112,11250671,3003913
772,11252505,794
390,11256005,65853
241,11267484,751612
230,11267485,894811
375,11268329,83523
148,11270933,2013374
740,11273727,1304
472,11274369,23060
459,11275707,26860
957,11279806,9
297,11279908,268890
128,11281656,2368161
109,11282561,3115334
686,11289604,2300
579,11291153,7841
657,11291404,3223
195,11293057,1310388
688,11297966,2272
942,11303059,23
38,11308595,6506017
873,11311321,220
519,11320640,14033
414,11320981,42204
33,11322457,6921837
861,11327990,249
208,11328645,1126639
797,11328982,585
598,11329728,6667
381,11330722,77639
606,11331072,5964
490,11335098,18775
611,11336348,5791
252,11342316,621404
71,11349513,4549614
486,11349534,19996
757,11352765,936
103,11358159,3319263
441,11361947,31271
300,11363503,251658
589,11366164,7446
958,11369099,9
744,11371362,1261
90,11375052,3763847
711,11377047,1761
927,11377256,51
116,11379184,2939144
398,11381957,60074
306,11381976,237262
762,11381978,895
65,11381981,4734939
487,11382019,19611
170,11382044,1599372
607,11382199,5901
801,11382202,562
528,11382235,12389
647,11382491,3656
760,11382866,919
704,11382967,1911
786,11385611,685
684,11385631,2324
385,11386174,71745
802,11386823,561
708,11388723,1825
332,11388962,167165
301,11390345,249233
639,11392673,4094
388,11392794,66196
664,11392943,2933
849,11395166,285
818,11396080,461
726,11399649,1522
749,11399884,1118
339,11400374,150463
697,11401065,2105
603,11401511,6214
748,11402198,1156
583,11402681,7575
877,11402800,206
119,11405144,2784640
627,11405226,4847
412,11406317,45038
236,11407111,786517
676,11407119,2545
871,11407123,220
725,11407130,1533
948,11407450,16
940,11407717,27
75,11408563,4351900
721,11408610,1563
963,11410494,5
565,11416093,8832
193,11420814,1318870
950,11422826,15
734,11423740,1403
209,11424186,1124859
107,11425532,3161294
493,11428951,18109
442,11429303,31091
456,11429335,28584
779,11430949,718
845,11433773,300
82,11433890,4061902
547,11434215,10646
427,11434438,37554
382,11434460,75061
588,11434617,7459
555,11437381,9865
541,11438480,11188
814,11439374,481
823,11440038,437
331,11440151,173767
431,11440605,36698
29,11441400,7170848
235,11441585,788041
89,11444412,3810307
74,11446460,4466413
853,11446598,276
44,11448210,6077556
840,11451549,332
62,11453644,4810507
609,11454354,5836
45,11455007,6010329
706,11455233,1846
380,11455669,78108
473,11457808,22878
955,11457922,9
765,11458062,872
916,11458079,78
189,11458106,1348771
798,11458220,583
323,11458236,183953
362,11458373,100596
907,11459760,107
10,11459855,11242799
171,11459920,1580083
202,11460850,1224691
557,11461431,9625
656,11462520,3230
967,11462671,1
546,11463679,10649
199,11465065,1249333
741,11466118,1291
543,11466721,10882
602,11466831,6236
680,11466993,2460
173,11467527,1555574
932,11467586,40
742,11467915,1285
560,11467949,9154
43,11469373,6214553
691,11469529,2187
135,11469925,2236552
715,11470100,1706
863,11470355,239
960,11470502,9
267,11470640,480424
629,11470893,4736
133,11472334,2242274
573,11472684,8259
511,11473734,14965
423,11474044,38619
908,11475453,105
352,11475576,121401
799,11475608,578
335,11476128,154965
593,11476488,6948
944,11477238,20
876,11477455,208
954,11477901,13
120,11478315,2712564
737,11479239,1320
530,11479481,12282
8,11479525,13378843
416,11480242,42026
492,11480665,18326
476,11481794,22431
601,11482104,6268
542,11482116,10998
311,11482136,228593
939,11482176,27
930,11482197,42
582,11482613,7590
531,11483339,12262
534,11483522,11968
535,11483759,11850
264,11484261,520626
548,11484352,10531
18,11484396,9480942
747,11485453,1218
865,11485996,236
910,11486132,93
659,11486738,3178
731,11486742,1474
378,11488648,82153
102,11488973,3369140
249,11489380,649386
5,11489661,15445962
175,11489673,1531595
105,11489677,3290292
121,11489685,2675755
68,11489689,4660851
56,11489690,5020611
220,11489701,963147
96,11489702,3606119
180,11489711,1468078
158,11489716,1819200
317,11489717,204563
145,11489719,2042239
361,11489729,102125
848,11489731,286
122,11489732,2646216
127,11489735,2401727
141,11489739,2137987
286,11489754,324219
132,11489758,2245439
213,11489759,1046193
191,11489765,1335052
218,11489766,986409
197,11489777,1268705
123,11489779,2611614
413,11489780,44229
72,11489783,4520307
169,11489784,1603650
101,11489847,3420726
22,11489850,8922842
346,11489864,132590
84,11490128,3986253
73,11490201,4474811
206,11490685,1140258
895,11491352,149
838,11491589,336
852,11491740,277
160,11492922,1805787
166,11493057,1651032
200,11493219,1240125
26,11493248,7956804
446,11493450,30053
383,11493529,72370
373,11493747,85083
25,11493885,8572155
88,11494228,3901908
64,11494985,4760181
350,11496253,122546
816,11497547,463
769,11498190,817
168,11502983,1638905
899,11503375,131
32,11503621,6927501
263,11504338,535094
720,11506153,1565
139,11506329,2176596
129,11506383,2307926
138,11506509,2185957
935,11506677,36
632,11507166,4510
365,11508331,97838
320,11508402,202207
540,11509973,11476
604,11512612,6107
83,11512702,4010773
318,11512795,203702
478,11513858,22148
302,11514007,246527
28,11514656,7294838
615,11517752,5675
719,11517971,1582
660,11518142,3169
771,11518282,795
929,11520119,46
178,11520127,1494407
371,11520517,86390
884,11520855,188
485,11522530,20899
30,11522566,7079265
237,11524216,776073
665,11525988,2875
438,11527172,33108
393,11527470,64340
832,11528469,372
312,11528714,220529
644,11528848,3786
215,11529320,1019552
239,11529656,771588
39,11530394,6459623
36,11530679,6684791
222,11530783,952684
735,11532214,1345
118,11535206,2838824
484,11535784,21141
883,11536783,189
479,11537247,21817
51,11538045,5424918
322,11538436,185095
862,11539985,246
411,11540994,47938
444,11541393,30533
763,11541731,881
408,11542629,50240
285,11543241,327082
488,11544222,19609
824,11544449,437
114,11544562,2968981
149,11544836,2006497
295,11544860,269715
756,11546979,957
812,11547350,500
670,11547493,2769
900,11547600,130
231,11547740,890219
805,11547807,535
34,11548015,6891605
99,11548196,3495726
229,11549374,896170
226,11550398,916837
434,11551445,35414
177,11551548,1516661
856,11551802,270
310,11552136,228946
254,11552404,596816
460,11552415,25762
532,11552741,12022
673,11552787,2664
445,11552869,30121
153,11553041,1978680
727,11553201,1518
397,11555025,60194
643,11555470,3895
61,11556591,4855509
499,11556811,17373
419,11556943,39509
655,11557940,3269
214,11558227,1041097
78,11558452,4225663
15,11558529,9855703
86,11558847,3955981
185,11558907,1396432
496,11560378,17423
449,11560457,29661
98,11560762,3553805
130,11561310,2304440
6,11561315,13889524
224,11561365,928596
503,11561567,17252
614,11561636,5732
299,11561856,251897
217,11562062,993554
12,11562089,10877880
291,11562270,306336
278,11562341,382068
585,11562385,7546
242,11562463,751091
743,11562791,1282
257,11562993,583446
517,11563339,14261
13,11563438,10296107
35,11563574,6861324
172,11563820,1560853
415,11563951,42077
937,11563992,31
713,11564420,1735
194,11564500,1318338
48,11564532,5687329
404,11564682,52427
498,11564788,17407
516,11564845,14325
800,11564952,573
736,11565151,1331
137,11565196,2209938
152,11565580,1991100
181,11565707,1451866
795,11565714,627
457,11566274,27556
455,11566402,28645
750,11566472,1092
420,11566546,39487
730,11566571,1499
337,11567143,151653
262,11567515,539655
316,11568235,204947
538,11568244,11800
561,11568289,9139
182,11568376,1436976
188,11568547,1370070
652,11568813,3451
524,11568899,13087
569,11569288,8485
69,11569367,4649711
142,11569380,2112780
682,11569649,2353
190,11569729,1343723
463,11569791,25411
638,11570003,4153
250,11570156,639815
203,11570259,1217736
343,11570369,140500
144,11570414,2051116
574,11570430,8113
321,11570607,185533
240,11570705,758886
156,11570856,1891887
520,11571433,13950
901,11571621,128
424,11571712,38393
854,11571740,275
183,11571776,1432603
392,11572031,64653
309,11572211,231565
780,11572347,716
386,11572357,70578
590,11572407,7307
787,11572429,682
452,11572482,29410
943,11572723,22
500,11572829,17320
631,11572901,4628
159,11572929,1814272
435,11573026,35134
637,11573191,4179
504,11573192,17101
471,11573319,23230
630,11573382,4663
466,11573441,24070
536,11573455,11833
594,11573477,6859
591,11573618,7149
351,11573865,122393
440,11573872,32280
66,11573927,4712380
290,11574155,308648
512,11574196,14629
469,11574201,23612
692,11574210,2162
533,11574304,12000
428,11574362,36915
294,11574645,283621
303,11574743,241554
162,11574996,1782832
612,11575001,5773
778,11575192,725
370,11575276,88347
374,11575375,83663
821,11575386,446
661,11575394,3023
417,11575485,41070
400,11575486,58490
432,11575557,35655
860,11575619,249
513,11575667,14530
788,11575679,668
880,11575779,199
354,11576041,112924
406,11576341,51659
384,11576459,72004
273,11576585,416164
783,11576591,702
470,11576664,23597
595,11577402,6820
292,11577500,299415
475,11579057,22497
710,11579752,1779
635,11579883,4280
842,11580435,322
870,11580546,220
618,11581259,5489
914,11581406,84
580,11582177,7828
681,11582311,2370
377,11582378,82163
395,11583476,62024
717,11583789,1681
789,11584283,665
461,11584375,25629
764,11584509,879
422,11585781,38903
597,11586177,6695
238,11587021,775842
807,11587413,529
689,11588044,2236
887,11588104,184
758,11588485,936
690,11588836,2221
451,11589456,29491
523,11590538,13243
759,11592066,930
360,11592122,104046
409,11592213,49683
813,11593052,490
296,11593260,269020
947,11593779,17
623,11594257,5105
809,11594803,510
584,11595502,7551
822,11595728,441
674,11595949,2648
430,11596184,36831
906,11597059,110
567,11597925,8575
898,11598026,135
489,11598200,19107
872,11598623,220
345,11598722,134527
509,11599128,15725
841,11600220,327
956,11600717,9
829,11601165,398
304,11601181,241091
447,11602122,29731
356,11602550,111889
507,11602559,16081
825,11602703,428
902,11603540,126
634,11604229,4431
881,848858078,196
837,848883412,336
879,848883785,203
605,848883902,6062
724,848884260,1550
791,848884336,657
835,848885746,346
707,848885923,1825
868,848886041,228
368,848886112,96357
931,848886212,41
621,848887248,5307
804,848887735,540
669,848888067,2782
945,848888205,19
767,848888470,830
773,848888660,750
746,848889226,1234
925,848890448,54
687,848890647,2299
544,848891270,10880
666,848891507,2826
851,848891581,280
886,848891608,186
919,848892675,74
889,848892695,171
949,848893834,15
836,848894203,341
890,848894338,170
839,848894962,336
