285,3135,460459
976,24330,9470
864,51688,24452
633,70886,95023
783,87485,44656
1180,103021,7
662,103936,82409
539,143043,142633
1080,198577,2276
1178,218809,10
337,221076,328583
60,237289,5390879
713,241332,65623
592,250592,115306
30,262914,11385532
804,267865,39793
639,317653,92840
1079,332069,2288
1182,350946,7
142,382298,1567618
302,389203,419913
723,422386,60737
1116,480271,532
805,530168,39786
546,568199,140286
62,634372,5020454
827,722243,32575
75,775291,3985129
833,803518,31629
948,848612,12286
355,865655,303795
440,885487,211676
487,886338,172098
273,901054,496553
386,921182,267066
446,966781,205041
822,996590,34216
580,1009756,120652
817,1011474,36038
179,1026548,997048
808,1041221,39244
701,1047404,69739
813,1089394,37854
608,1160101,107963
844,1160381,28504
880,1191124,20774
255,1215265,555671
465,1225460,189508
1137,1238478,162
606,1241525,108866
292,1266205,450889
482,1326730,174933
383,1355797,268020
236,1423290,599599
859,1529200,25554
299,1590771,440869
752,1633631,54580
732,1689189,59919
1113,1690407,597
301,1706917,422901
689,1776976,73025
500,1783519,163865
705,1846025,69378
620,1869052,100330
970,1902556,9908
458,1903372,194671
1165,1967835,30
253,2005018,558273
400,2020285,253015
274,2022011,487673
172,2022233,1045923
319,2079950,384578
215,2095389,734259
96,2282801,2870826
101,2327672,2595353
166,2355594,1086623
787,2359863,44213
58,2429270,5580314
642,2472169,91673
442,2514862,209376
28,2529286,11762034
374,2556366,278025
796,2557016,41129
411,2624751,240423
310,2628162,404510
74,2672646,3988648
921,2732105,15837
519,2741955,152240
157,2764142,1223099
856,2834599,25710
407,2849310,243836
90,2877629,3207574
858,2896896,25631
425,2915775,226913
1143,2928875,104
120,2964570,2139546
422,2967660,231632
139,2998342,1576006
262,3030369,534030
1047,3084923,4131
925,3090165,15442
1043,3118342,4317
768,3167251,47558
851,3188556,26675
24,3237224,15109112
10,3330183,28079661
397,3349541,256390
385,3361700,267294
155,3409134,1247260
720,3416130,62404
709,3420041,68154
216,3442394,705127
63,3456477,5019830
825,3542945,33397
915,3546174,16124
992,3577074,8284
961,3578322,11043
941,3610753,13712
569,3745851,125518
143,3758216,1486087
1099,3763830,984
781,3767275,44848
931,3826825,14690
21,3857965,16145885
61,3861322,5114191
891,3888918,19493
963,3895313,10954
106,3943435,2453761
312,3956610,398770
846,3966078,27701
896,3989019,18394
679,4037445,75906
1089,4053418,1449
1001,4081565,7439
479,4103061,175954
284,4202832,460496
401,4208879,252347
113,4212562,2280215
786,4213549,44341
1041,4215573,4367
973,4223212,9607
207,4227564,785430
999,4243260,7505
420,4257461,233858
616,4291569,101198
760,4313753,51007
605,4323298,109247
572,4336123,125061
848,4379783,26852
638,4400005,92893
520,4404387,151353
16,4448391,19005499
287,4455981,456261
837,4483134,30776
651,4522417,87271
485,4523269,174021
826,4523624,32578
647,4560143,88747
1153,4592307,75
810,4597869,38969
685,4604717,74835
338,4607526,327289
889,4625704,19887
1035,4646333,4616
524,4648719,148724
1087,4671523,1730
427,4694879,225200
790,4699725,43261
306,4792842,414676
391,4794509,263054
372,4796670,279308
821,4801670,34300
791,4887363,42876
944,4891214,12646
150,4933528,1295062
873,4943400,22165
158,4953175,1210353
378,7434926,275964
168,7437929,1076243
552,7467464,136344
34,7520194,9714828
137,7531779,1612053
615,7549327,102060
543,7565181,141523
656,7587840,84705
121,7634652,2121125
652,7647789,87006
97,7663724,2814365
536,7683705,143206
661,7707293,82575
911,7731521,16812
140,7733183,1574199
426,7762723,225569
845,7807227,27860
673,7861722,78519
322,7873061,377593
1054,7911729,3900
706,7938947,69253
895,8008687,18670
136,8031669,1617895
418,8064926,235270
583,8104989,118724
345,8175891,321148
1063,8189027,3269
257,8224850,552218
414,8242032,239099
1117,8246150,501
194,8246770,876087
272,8318841,497121
218,8346072,684827
1136,8348797,170
801,8423392,39998
27,8487569,12568946
320,8500577,382510
289,8572750,455326
575,8594589,124176
105,8601150,2484075
753,8616160,53159
182,8624538,979541
508,8643678,159265
677,8663824,76257
704,8691940,69396
472,8706278,186414
574,8723470,124664
390,8724920,264407
928,8761508,15125
14,8828632,21781690
294,8841372,446542
271,8850332,499530
798,8915658,40919
104,8920047,2547379
644,8933139,90403
481,8956418,174944
286,9002999,459058
1011,9024545,6369
564,9046259,130476
1125,9049602,345
509,9064226,158241
1014,9069751,6175
584,9074586,118712
611,9088320,104087
250,9111308,561304
994,9123752,8047
352,9146244,307983
238,9175557,597222
133,9177385,1735796
441,9235028,210940
777,9239362,45632
1086,9239900,1831
1060,9247761,3502
636,9249362,94684
176,9263418,1029251
1058,9264537,3629
746,9272899,56637
660,9273737,82669
399,9273965,254216
772,9284626,46540
714,9285224,65330
742,9319347,58336
127,9330037,1950929
237,9351988,597503
553,9360895,136010
125,9373633,1973849
530,9395007,145785
69,9402115,4234480
471,9404898,186675
542,9428477,142296
809,9442449,39066
832,9460639,31801
288,9464374,455560
409,9466514,241440
112,9486523,2316312
954,9494870,12109
325,9497362,365722
829,9504623,32027
690,9518859,72157
1184,9534177,5
857,9535255,25679
609,9540131,107643
540,9585048,142541
666,9588828,80255
1021,9589364,5877
614,9591907,102063
729,9592666,60059
526,9604455,146982
264,9609554,533095
278,9618074,479711
460,9618373,191300
782,9626985,44704
989,9633180,8397
57,9645987,5582273
144,9680529,1462228
841,9682465,28985
1132,9687221,208
307,9692357,413071
212,9696773,746187
778,9715852,45440
164,9719084,1149274
1174,9722317,15
505,9726572,160572
657,9730076,83851
814,9738365,37453
671,9739587,78623
52,9740970,6581160
95,9745307,2907560
907,9747178,17082
200,9754276,816461
571,9755423,125292
350,9756090,311793
621,9759264,99992
1095,9765343,1093
115,9765914,2259238
806,9769137,39631
1177,9772647,10
607,9773949,108436
109,9778158,2384030
887,9780410,19968
163,9783799,1160396
800,9787745,40017
43,9794166,7964492
254,9804590,555922
226,9812866,649115
1012,9816586,6300
784,9817877,44572
9,9822692,29564648
66,9829584,4496774
506,9830617,160398
93,9841919,3002041
239,9850705,587257
956,9855604,12018
678,9864873,76103
868,9876722,23412
252,9891648,560036
56,9905924,5809644
733,9906670,59697
890,9906924,19681
265,9913772,532175
1042,9937811,4343
261,9948582,540319
327,9948696,358224
1055,9954918,3854
587,9956938,115871
108,9957796,2400370
650,9960123,87359
41,9967074,8074046
831,9971387,31812
534,9979858,144080
1033,9980904,4675
659,9981214,82806
861,9984094,24993
977,9988994,9301
102,9989947,2578687
1166,9991275,26
356,9993734,299985
449,10006413,200931
765,10006848,48923
154,10007454,1257286
852,10013820,26202
655,10016824,86016
340,10056810,326971
819,10060675,35055
1051,10078112,3964
116,10096481,2229825
329,10101460,355652
967,10106327,10401
541,10115392,142333
926,10117247,15355
711,10125449,67260
1138,10144642,157
480,10146045,175029
404,10159601,248037
730,10176252,60007
966,10177562,10634
349,10178428,312444
241,10191999,578927
1176,10199915,10
1134,10207899,198
872,10223484,22804
451,10232146,199032
962,10237688,11025
1066,10239126,3013
246,10248034,571333
13,10251480,23892982
321,10256288,379670
823,10265807,33739
946,10273573,12546
670,10284836,78637
910,10285283,17016
32,10303679,10585557
1037,10310590,4518
463,10323060,190188
477,10331147,178236
298,10343308,442172
344,10345680,321487
231,10351055,621898
33,10362516,9960517
938,10363081,13944
198,10363882,832973
952,10378380,12204
547,10404337,139637
444,10404773,207267
423,10416661,228694
1026,10425053,5379
50,10436679,6949063
162,10441858,1161126
1070,10452473,2717
197,10457316,847106
707,10458494,69152
554,10468772,135245
138,10471994,1605363
986,10492145,8487
556,10498849,134188
641,10501770,91935
55,10503971,6093515
342,10508177,325223
1083,10516819,2071
877,10526561,21402
551,10537427,136394
6,10579887,38997844
849,10580834,26852
421,10610027,233511
1124,10616311,359
561,10619297,133444
38,10621422,8511196
945,10621950,12559
504,10627241,160980
26,10637560,14020996
903,10643155,17738
181,10644867,980800
738,10648101,59141
949,10658077,12284
223,10660491,660531
428,10676513,224463
245,10688292,572006
1110,10690393,624
348,10709944,313697
169,10713552,1065033
178,10735961,999597
353,10742302,305634
908,10746676,17082
982,10747056,8831
436,10768074,215734
909,10775231,17067
343,10790105,324630
745,10807416,56800
676,10827122,76682
84,10845623,3525609
974,10866507,9528
947,10867005,12479
221,10927288,664321
80,10933786,3697379
643,10950753,91212
373,10962865,279265
1186,10971993,4
624,10972989,98544
1171,10977709,20
737,10989461,59195
42,10994045,7975188
39,10995429,8169424
430,10997566,222554
251,11003547,560473
323,11004230,370946
1123,11016469,388
681,11020809,75388
818,11033911,35191
145,11036562,1403106
59,11036879,5400288
503,11040873,161760
173,11044181,1042536
233,11048328,615977
159,11052741,1208579
1057,11055813,3681
1074,11057294,2557
901,11062763,17936
892,11067456,19406
100,11075200,2619752
1090,11075738,1442
755,11078777,52719
1085,11079554,1907
1027,11079927,5285
683,11091514,74885
396,11093157,257681
210,11111389,758949
527,11115304,146678
25,11116419,14062734
153,11116580,1279388
224,11117996,657397
37,11118730,8618522
283,11119126,467844
54,11119147,6221474
496,11120978,164816
537,11121928,142969
186,11129033,961365
710,11129135,67405
361,11148676,293757
22,11153556,15834332
1159,11153842,36
959,11154353,11268
382,11156736,268480
44,11166958,7712049
866,11168411,23559
199,11173044,829626
774,11173388,46045
3,11179200,49612601
347,11180929,314453
712,11181835,66239
1003,11195909,7196
1115,11199046,546
610,11199302,107459
1164,11203298,30
432,11203348,220387
225,11207522,652108
517,11215489,154886
912,11217090,16672
906,11218411,17249
850,11219365,26696
360,11222538,294983
315,11224167,396528
438,11225915,212142
88,11230901,3266890
545,11234482,140424
843,11234497,28644
242,11236133,573301
87,11236834,3277659
469,11244682,186782
1036,11245065,4605
371,11245940,280172
51,11250671,6833920
557,11251150,133803
838,11252505,29720
514,11256005,155999
474,11267484,183160
457,11267485,196149
131,11268329,1800203
124,11270933,1985633
379,11273727,275593
936,11274369,13985
483,11275707,174458
490,11278858,168200
1071,11279806,2672
256,11279908,555448
114,11281656,2263902
394,11282561,259316
934,11284257,14577
462,11287875,191210
208,11289604,776005
475,11291153,181742
470,11291404,186717
597,11293057,114559
280,11297454,474471
968,11297966,10146
19,11308595,18087510
1017,11311321,6077
905,11317461,17285
1118,11319233,493
346,11320640,317599
874,11320981,22135
11,11322457,24368227
1179,11327990,9
48,11328645,7078304
693,11328982,70976
489,11329728,168732
884,11330722,20085
726,11331072,60476
1088,11332326,1619
1002,11335098,7270
629,11336348,96605
939,11341866,13866
604,11342316,110616
1064,11345061,3080
227,11349513,646955
626,11349534,97835
365,11352765,286786
380,11358159,274953
152,11361947,1280924
1045,11362242,4245
997,11362418,7733
757,11363503,52103
1044,11364013,4316
1069,11365489,2751
268,11366164,507864
996,11368465,7876
1024,11369099,5612
366,11371362,281937
879,11371577,20833
53,11375052,6300456
1161,11377047,35
894,11377256,18981
646,11378426,88868
234,11379184,615018
933,11381925,14596
658,11381957,82904
716,11381976,64996
612,11381978,103375
73,11381981,4012314
1052,11382019,3959
94,11382044,2962507
589,11382104,115475
518,11382199,154761
602,11382201,111346
206,11382202,793737
491,11382213,167911
270,11382235,501403
860,11382491,25204
942,11382866,13371
775,11382967,45865
984,11383301,8672
640,11384335,92268
494,11384677,166518
1131,11385520,218
682,11385611,75342
219,11385631,678820
1107,11385801,759
362,11386174,289888
486,11386823,173861
416,11387295,237690
1141,11387768,143
1072,11388156,2645
582,11388723,119333
103,11388962,2562372
86,11390345,3305479
435,11392673,217243
123,11392794,2005292
902,11395166,17807
1094,11395456,1121
596,11396080,114585
148,11399649,1315886
434,11399884,219192
336,11400374,331327
619,11400585,100477
1151,11400910,80
1034,11401065,4616
785,11401511,44412
862,11402198,24867
1000,11402429,7458
260,11402681,541271
695,11402800,70802
468,11403667,186831
341,11405144,326803
119,11405226,2139929
535,11406317,144073
761,11406946,50735
649,11407108,87367
77,11407111,3917861
773,11407231,46158
735,11407450,59413
1010,11407717,6568
12,11408563,24040341
370,11408610,280878
240,11410494,584098
417,11416093,236205
512,11420814,156407
1114,11422826,563
452,11423740,198554
89,11424186,3250615
177,11425532,1015003
528,11428951,146548
220,11429303,676199
756,11429335,52569
1078,11430151,2294
916,11430913,15970
129,11433890,1858404
576,11434215,121477
332,11434438,344646
135,11434460,1618890
405,11434617,247716
1183,11436684,6
359,11437381,295495
628,11438480,96727
758,11438689,51538
533,11440038,144080
92,11440151,3008545
886,11440605,19993
36,11441400,8722892
183,11441585,975162
415,11444412,237721
85,11446460,3364170
807,11446598,39351
15,11448210,19174777
190,11453644,894554
403,11454354,249038
799,11454738,40679
5,11455007,39215521
715,11455233,65074
188,11455669,918567
1140,11456762,148
550,11457670,137708
279,11457808,475974
1061,11457850,3408
983,11457876,8791
935,11457922,14228
579,11457941,121067
667,11458072,79931
1009,11458079,6592
317,11458106,387443
326,11458220,363526
334,11458236,338711
244,11458373,572356
654,11458532,86516
811,11459760,37971
4,11459855,47049147
497,11459920,164726
64,11460850,4942886
588,11461431,115532
1028,11461845,5170
836,11462520,31039
802,11462671,39952
1084,11462697,1978
594,11462827,114890
311,11463679,400519
185,11465065,962644
433,11466118,220367
410,11466721,241030
156,11466831,1244045
691,11466993,72094
1097,11467327,1080
71,11467527,4128708
965,11467586,10738
1067,11467915,2901
585,11467949,117821
1157,11467986,49
960,11467998,11065
702,11468423,69499
118,11469373,2167247
367,11469529,281087
395,11469925,258605
739,11470100,59005
495,11470355,165045
830,11470502,32018
728,11470630,60097
788,11470640,43473
267,11470893,519855
132,11472334,1747659
91,11472684,3172748
847,11473734,27048
235,11474044,606628
744,11475453,57110
193,11475576,883464
548,11475608,138263
842,11476128,28707
1130,11476245,267
389,11476488,264731
1102,11476860,911
631,11477901,95742
117,11478315,2193664
586,11479239,117200
618,11479481,101182
165,11479525,1137283
384,11480242,267447
187,11480665,930811
305,11480773,415827
815,11481794,37110
917,11482104,15958
466,11482116,188516
972,11482122,9752
213,11482136,742720
493,11482176,166744
675,11482197,76767
869,11482406,23189
419,11482451,234550
688,11482513,73515
882,11482521,20763
369,11482613,280938
1048,11482741,4100
1139,11482945,154
203,11483339,799240
515,11483522,155834
560,11483759,133473
68,11484261,4418420
559,11484352,133641
20,11484396,17028132
853,11485453,25820
437,11485996,213403
456,11486106,196463
398,11486132,254967
750,11486738,54747
357,11486742,296802
328,11487784,356855
668,11488648,79472
488,11488973,171503
795,11489380,41513
141,11489661,1571044
919,11489673,15890
99,11489677,2671498
388,11489685,265198
339,11489689,327104
406,11489690,244937
700,11489701,69778
290,11489702,454095
364,11489711,287848
531,11489716,145258
981,11489717,8969
749,11489719,54750
1096,11489729,1091
893,11489731,19171
189,11489732,900261
779,11489735,45035
275,11489739,486225
721,11489754,62194
448,11489758,203989
699,11489759,69886
835,11489765,31206
324,11489766,365972
718,11489777,62938
630,11489779,96021
998,11489780,7586
192,11489783,886658
900,11489784,18011
297,11489847,442634
78,11489850,3859633
1105,11489864,807
767,11490013,47788
684,11490128,74838
568,11490201,127000
499,11490685,163953
402,11491352,249512
593,11491589,115285
507,11491740,159525
1077,11491843,2339
920,11492922,15843
529,11493057,145874
812,11493219,37950
171,11493248,1053820
577,11493450,121467
1172,11493529,20
1040,11493747,4388
205,11493885,797266
669,11494026,79436
276,11494228,483328
331,11494985,345172
1068,11496253,2839
1065,11497547,3027
1046,11498190,4200
191,11502983,894326
792,11503375,42101
18,11503621,18420361
476,11504338,181650
741,11506153,58647
453,11506329,198066
412,11506383,240225
70,11506509,4213143
632,11507166,95118
991,11508331,8367
492,11508402,167775
1175,11508615,10
532,11509973,144695
686,11512555,74068
599,11512612,113162
295,11512702,445514
174,11512795,1037068
107,11513858,2421928
82,11514007,3589467
170,11514656,1057655
1108,11515257,752
300,11517752,429699
987,11517971,8484
820,11518142,34426
459,11518282,194509
1168,11519127,21
1013,11519668,6179
881,11520119,20772
31,11520127,10955859
308,11520517,409036
1031,11520855,4866
951,11522507,12243
717,11522530,63793
209,11522566,762232
645,11523474,89900
429,11524216,223344
664,11525988,80783
1122,11526954,400
484,11527172,174319
222,11527470,662093
653,11528469,86992
565,11528714,130341
1023,11528848,5853
354,11529155,305348
195,11529320,861878
478,11529656,177259
126,11530394,1952436
160,11530679,1202157
47,11530783,7130594
146,11532214,1392073
1007,11534181,6653
296,11535206,442651
351,11535784,310112
601,11536783,112657
824,11537247,33668
816,11537664,36872
1148,11537982,85
263,11538045,533249
698,11538436,69963
330,11539985,348435
333,11540994,339025
269,11541393,504275
663,11541731,81659
591,11542629,115441
1109,11542820,643
748,11543241,54847
870,11544222,22892
979,11544449,9080
1111,11544495,617
277,11544562,479984
248,11544836,564503
363,11544860,289886
803,11545803,39822
376,11546804,276936
759,11546979,51084
1192,11547151,1
863,11547350,24667
687,11547493,73531
196,11547740,856598
1147,11547756,86
865,11547807,24031
1,11548015,155574081
65,11548196,4711668
49,11549374,7008772
45,11550398,7554835
937,11551445,13956
35,11551548,9035059
202,11551802,803738
228,11552136,638520
375,11552404,277288
897,11552415,18386
898,11552741,18200
940,11552787,13718
563,11552869,130696
17,11553041,18688843
1103,11553201,866
964,11555025,10859
134,11555470,1699034
8,11556591,32794497
975,11556760,9471
439,11556811,211682
648,11556943,88467
637,11557940,93374
46,11558227,7201530
217,11558452,693813
7,11558529,34674610
281,11558847,473269
110,11558907,2370501
613,11560378,103125
467,11560456,188211
249,11560457,562403
450,11560762,200641
83,11561310,3555786
2,11561315,65088268
789,11561365,43414
623,11561567,98657
229,11561636,636927
674,11561856,77480
211,11562062,754976
184,11562089,970718
443,11562270,207648
76,11562341,3930183
570,11562385,125333
1004,11562463,6981
740,11562596,58762
304,11562791,418092
600,11562993,113073
232,11563339,620761
23,11563438,15597113
990,11563440,8394
79,11563574,3741549
727,11563794,60207
175,11563820,1034895
130,11563951,1801053
498,11563992,164720
855,11564420,25760
111,11564500,2336809
81,11564532,3641705
358,11564682,295920
368,11564788,280975
913,11564845,16517
549,11564952,137855
625,11565151,98295
502,11565196,162902
1142,11565197,138
558,11565580,133759
293,11565707,449024
555,11565714,134370
516,11566274,155338
566,11566402,129878
1030,11566472,5103
149,11566546,1307084
635,11566571,94813
1189,11567120,1
839,11567143,29245
167,11567515,1077787
266,11567676,522024
335,11568235,333644
754,11568244,53100
665,11568289,80777
67,11568376,4468548
797,11568547,40991
763,11568771,49460
201,11568813,813194
1098,11568874,1055
544,11568899,140476
1149,11568934,82
1119,11569288,445
40,11569367,8075739
161,11569380,1196306
1152,11569640,79
703,11569649,69490
413,11569729,239799
393,11569791,260776
988,11569801,8450
793,11570003,41658
29,11570156,11665725
381,11570259,274658
538,11570339,142897
771,11570369,47298
424,11570414,227839
454,11570430,198047
461,11570607,191220
98,11570705,2787944
151,11570856,1291520
930,11571130,14730
922,11571433,15613
883,11571621,20296
259,11571712,543007
692,11571740,71041
510,11571776,158027
473,11572031,185545
751,11572135,54665
72,11572211,4088291
1053,11572347,3900
247,11572357,567936
230,11572407,630019
309,11572429,404818
464,11572482,189779
377,11572829,276735
313,11572901,397719
316,11572929,388917
840,11573026,29210
955,11573152,12105
431,11573191,222487
521,11573192,150894
180,11573319,996807
929,11573382,15012
958,11573441,11476
725,11573455,60564
511,11573477,157195
762,11573494,49511
501,11573618,163176
581,11573770,120353
1062,11573865,3277
214,11573872,739784
258,11573927,545965
672,11574042,78578
282,11574091,469986
731,11574155,59993
885,11574189,20032
573,11574196,124873
128,11574201,1870877
1029,11574210,5142
603,11574304,110880
243,11574362,573003
747,11574409,56385
764,11574622,48970
147,11574645,1333080
876,11574715,21428
392,11574743,262175
871,11574964,22833
408,11574996,243553
743,11575001,57161
1032,11575192,4756
719,11575276,62682
694,11575343,70834
722,11575375,62008
598,11575386,113427
622,11575394,99924
914,11575485,16497
1020,11575486,5905
1005,11575557,6843
985,11575619,8634
562,11575667,130977
1019,11575679,5920
303,11575779,419171
680,11576041,75454
447,11576341,204088
1018,11576459,6039
770,11576585,47353
766,11576591,48166
291,11576664,452462
445,11577402,206230
314,11577500,397582
387,11579057,265624
828,11579752,32238
627,11579883,97231
1075,11580006,2409
769,11580435,47421
1039,11581259,4409
1006,11581532,6806
899,11582177,18129
708,11582311,68343
993,11582378,8146
578,11583476,121435
950,11583789,12270
1049,11583949,4080
736,11584283,59299
1016,11584375,6110
696,11584509,70452
1092,11585781,1260
1056,11586177,3715
567,11586893,127317
122,11587021,2019004
1185,11587150,5
525,11587413,147461
1170,11588044,20
1169,11588143,21
522,11588332,150731
513,11588485,156171
1129,11588522,270
1091,11588836,1326
1187,11589114,2
523,11589290,149249
1015,11589311,6172
1059,11589456,3509
1093,11589719,1124
634,11589753,94859
1100,11590200,961
794,11590538,41513
1156,11590545,53
1150,11591567,81
995,11592066,8041
455,11592122,197579
697,11592213,70387
734,11592376,59518
918,11593052,15897
1076,11593260,2393
1050,11593485,4045
932,11594257,14608
1120,11594408,442
590,11594803,115455
1190,11595043,1
1155,11595320,62
776,11595502,45655
854,11595949,25784
595,11596184,114639
1126,11597059,326
888,11597785,19957
780,11597925,44938
1106,11598026,762
1081,11598200,2192
1162,11598623,34
927,11598722,15300
1146,11598925,89
978,11599128,9291
1193,11599494,1
878,11600220,20901
1167,11600717,25
1038,11601072,4481
1154,11601139,67
980,11601165,9035
957,11601181,11610
904,11601632,17433
834,11601804,31514
204,11602122,799002
1160,11602143,36
1104,11602550,828
923,11602559,15542
724,11602703,60644
1121,11602905,423
1133,11603058,204
1127,11603540,295
1163,11603668,30
1022,848858078,5854
924,848882576,15540
971,848884260,9783
969,848884336,10114
867,848885067,23434
1025,848885746,5471
1073,848885909,2560
953,848885923,12135
318,848886112,386490
1112,848886212,605
1144,848887416,93
943,848887783,12950
1008,848888067,6632
1101,848888465,916
617,848888470,101196
875,848889226,21599
1082,848890127,2076
1181,848890315,7
1145,848891348,91
1128,848891608,290
1173,848892704,20
1158,848893137,41
1135,848893880,173
1194,848894103,1
1188,848894300,2
1191,848894641,1
