3135,Bloodhood,1656,132,1251097,80
24330,ROADKILL41,2629,1,1331,634
51688,gargara,0,1,2911,546
70886,coni,593,1,247,1006
87485,DrDeath,2762,3,16040,398
103021,Quo+Vadis,0,1,280,975
103936,Sharkey33,1425,10,46112,322
143043,normy,0,1,529,806
198577,orsamannen,1962,1,286,969
200637,XxdarkwarxX,0,1,317,940
218809,ismaild05,0,1,370,902
221076,camarasa,3239,1,303,951
237289,gibbles,3340,0,0,1356
241332,Peterale,2773,1,516,811
250592,arjay52,27,6,24904,363
262914,I+Ching,452,143,1482802,58
267865,KingArthursGame,1642,2,3138,533
317653,lipps73,68,3,14688,403
332069,bubbucchio,825,1,4415,496
350946,Ha-emo-soo23,0,1,26,1224
382298,Tyrell+Wellick,622,0,0,1357
389203,sradsitt,0,0,0,1358
422386,virjimmie,0,1,4829,491
480271,wider5,2773,1,683,746
530168,Haday,144,1,778,718
559747,TribeTuner,0,2,8307,449
568199,joehor,1904,49,461705,175
634372,voyage3446,866,118,1052612,99
667347,bojanm,0,1,26,1225
722243,Roald+Dahl,809,1,3438,519
775291,Jammer0,1349,353,3394004,8
803518,fatman26,2217,4,14222,406
848612,The+Mighty+Jhun,23,1,7501,458
865655,Kikoul8,652,23,150095,244
885487,Dads+Army,35,0,0,1359
886338,MMx2,3131,78,761734,135
901054,Salidan1192,477,1,4793,492
921182,Oldtimer,809,1,565,788
966781,Amnesia+bs,3183,45,333805,196
996590,bubbaray97,1733,1,2125,587
1009756,xBC1x,0,1,9551,437
1011474,teamsaint,3190,12,63329,294
1026548,Avenger+00,641,170,1586995,49
1041221,jmslklcs63,23,2,7547,457
1047404,cocodelish,971,1,978,678
1089394,swagy,2762,7,28045,351
1160101,bigstu,2964,1,350,913
1160381,DaPinkMaster,541,1,325,933
1191124,boomerknight,0,1,464,840
1215265,Beowulf77,1945,6,20415,381
1225460,radowolf,652,23,200649,229
1238478,sday03,0,1,296,959
1241525,kraggo,68,1,1661,613
1266205,biff+bonzai,3183,45,266998,209
1267375,Moridae,3348,1,173,1095
1326730,Sir+Thiomas,3220,4,16789,395
1340513,I-AM-GROOT,3324,1,26,1226
1355797,AllyArsenal,1656,172,1604895,47
1423290,dawodus,1485,94,804669,129
1481014,JHot,0,1,333,925
1529200,Moslof,0,1,395,884
1590771,mitvakdonnerstag,27,2,2912,545
1633631,Warrior1978.,1349,102,846431,124
1689189,ARBEMAKA,2854,1,300,953
1690407,mtoothemax,3256,8,27763,352
1706917,jjavnj,1332,0,0,1360
1714321,super+kevin,103,1,300,954
1776976,waynoc,238,10,34853,336
1783519,Rurik+I,0,1,432,857
1846025,Joe+2,689,1,170,1103
1869052,Tcoen,3164,4,22253,372
1902556,pluta,0,1,201,1055
1903372,bladedin,1642,15,70514,289
1967835,lukita8888,0,1,331,926
2005018,wsxz,1521,10,65001,292
2020285,jdog3622,2736,19,108920,265
2022011,rasher3,1656,115,1056100,98
2022233,petercarots,237,0,0,1361
2079950,WaterFear,81,1,397,881
2093130,Solidussdad,0,1,539,798
2095389,alanb,27,3,16503,397
2282801,BANNED4LIFE,0,0,0,1362
2327672,Hells+Toy+Master,613,184,1799265,38
2355594,Survivants,452,199,2006182,27
2359863,rumagim,0,14,50115,316
2429270,MAD+X,613,342,3427661,7
2470796,ace2211,2933,1,866,696
2472169,Duellona,1986,1,536,800
2514862,derek1608,1349,176,1711724,43
2529286,sage69,452,220,2143952,21
2556366,jashby3,2769,25,166588,240
2557016,dtomie,0,1,3946,506
2624715,lchenao,0,1,260,997
2624751,billadi66,1652,1,206,1044
2628162,funnyrabbit,228,1,4619,494
2672646,LIONTARI,866,103,975208,108
2732105,fillippos,3270,1,12196,418
2741955,alright%3F%3F%3F,0,1,26,1227
2764142,Sgt%40Arms,641,186,1610600,46
2834599,truenight,1444,1,678,748
2849310,Woodpeckerr,0,1,1623,617
2877629,referee66,0,0,0,1363
2896896,Krater8,2163,0,0,1364
2915775,shaggey69,2751,0,0,1365
2928875,jorriel19,2762,2,8943,444
2964570,ampac,613,136,1090969,95
2967660,morphic,2421,1,3235,532
2998342,atid99,0,0,0,1366
3030369,harrydon,613,167,1546589,53
3081606,dekni0,0,1,26,1228
3084923,Alpha+and+Omega,3294,1,2163,581
3090165,jlarry,1652,0,0,1367
3118342,Cokeman84,2827,2,6958,465
3167251,kenk124,0,0,0,1368
3174693,Rodent+Babe,0,1,194,1059
3188556,T%2AT%2AG+army+of+2,2736,20,109902,264
3237224,bronox,0,0,0,1369
3330183,The+Sleepless+Elite,641,608,5627062,1
3339914,jynckid,0,1,264,991
3349541,God+Of+Thunder,452,141,1253209,79
3361700,anningg,0,6,28534,349
3409134,stormarack,3111,4,24653,365
3410710,bigsteveslk,27,1,92,1171
3416130,kibkibalot,2102,0,0,1370
3420041,Jackparadise,809,0,0,1371
3442394,WildManOfBorneo,69,1,555,794
3456477,cafrat,3367,1,558,791
3542945,Greg+Stephens,81,1,335,924
3546174,eaglesfan56,13,0,0,1372
3577074,Bossman06,971,1,894,689
3578322,rouds,3267,0,0,1373
3610753,valtheran88,3328,2,3258,529
3745851,braxtongold,825,1,1312,635
3758216,Zeddy+Le+Mange,0,0,0,1374
3763830,mirkonije,672,1,844,701
3767275,chadders2865,0,1,581,780
3783278,SHKIMKOR,3165,1,296,960
3821898,EKTORAS27,477,1,205,1047
3826825,Papa+Spider,449,1,602,772
3857965,actually123,1349,313,2906297,11
3861322,bloatedcherub,622,2,3247,531
3888918,lappqr,3281,1,8381,446
3895313,UnDrugo,809,1,53,1211
3943435,drsik2,258,5,37304,333
3956610,Sir+Romit,0,1,1116,657
3966078,steve+steptoe,0,0,0,1375
3989019,oldsparky,342,1,3685,513
4037445,mlinder,0,1,182,1076
4053418,Jiguer,3217,0,0,1376
4059907,champ+of+the+world,0,1,26,1229
4081565,Walkercreek,0,1,969,679
4103061,antonthemeff,2933,0,0,1377
4202832,vrgoles,1812,1,338,921
4208879,Berlyn,81,1,291,965
4212562,SteveP,168,16,103783,266
4213549,lykorz,1320,1,125,1142
4215573,RONNY+HO,971,0,0,1378
4223212,maudi1,1320,1,1107,658
4227564,rron7pam,0,1,156,1118
4243260,maravak,3277,1,327,931
4257461,Michael+Bloomberg,452,116,1092322,93
4291569,bullfrogs,0,1,804,711
4313753,VecchioUnno,17,2,501,819
4323298,GLADIATOR,798,12,74420,287
4336123,77yytt,0,0,0,1379
4379783,wangro3,0,0,0,1380
4400005,pauldum,2773,1,135,1133
4404387,billall,1540,1,1157,649
4447789,Seemanta0605,3285,1,4987,485
4448391,exzilius,613,23,190431,232
4455981,Light+one,1733,0,0,1381
4483134,lamigra,23,1,3035,537
4490003,POTTER-HARRY,0,1,172,1096
4522417,ZEEWAD,0,1,616,766
4523269,papamalakas,1128,1,692,743
4523624,Chuunks,3361,1,263,993
4560143,Daddy+Ashen,2620,9,14766,402
4592307,noooool,0,1,73,1188
4597869,YOKOZUNA,1995,1,477,830
4604717,siroman,0,1,1883,603
4607526,byropen,2851,0,0,1382
4625704,Koallar,1913,1,787,714
4646333,The+Dyslexic+Knight,0,1,347,914
4648719,tony2,613,86,819346,127
4671523,babyblue122,0,1,26,1230
4694879,kennedy9,1642,3,9068,441
4699725,Sire+Rick,1945,3,9759,435
4792842,ESBIII,2349,6,46587,320
4794509,risharks,521,1,532,804
4796670,RohuLible,1947,1,377,894
4801670,guvner,2672,1,346,915
4887363,chrisllan61,971,0,0,1383
4891214,jfrans,23,1,408,877
4933528,sweetmisery,452,96,939346,111
4940981,z3rz,0,1,26,1231
4943400,DonNorman,27,1,220,1031
4953175,Pillage,0,4,9836,433
7434926,Suburban+Knight,1962,1,264,992
7437929,ciaran1,652,23,145156,248
7467464,Albahooo,1503,14,112687,260
7487721,gamingtowin,0,1,26,1232
7520194,renogjm,1485,58,516486,168
7531779,Squanchy,1952,130,1269826,78
7549327,Mo1994,1656,64,532340,164
7565181,madmark73,1444,1,46,1214
7587840,lordjer61,27,1,452,846
7634652,Vindictive+Sitter,2607,0,0,1384
7647789,Olaguer,81,1,752,727
7663724,soumalinna,2197,13,73361,288
7683705,habe41,0,1,1220,643
7707293,jeff3447,3131,17,152705,243
7731521,Geoff+Knott,503,1,317,941
7733183,LGScotland,613,48,424167,185
7762723,Thuggor,809,0,0,1385
7807227,Lady+Gemini,27,1,202,1054
7861722,Saganer,2769,17,113442,259
7873061,afu+B,0,1,244,1010
7904288,trek373,3337,1,836,703
7911729,ianostros,3164,21,112506,261
7938947,Lady+Madelina,27,1,517,810
8008687,sirestoner,2851,6,27526,353
8031669,Baldrof,641,82,667577,146
8037839,vilijam+volas,0,1,195,1058
8064926,13ad13oy,2998,2,19532,384
8104989,crazedtwinkie,35,1,331,927
8175891,BELI-GROM,277,1,204,1049
8189027,jimmyhawk,238,7,25880,360
8224850,Longpine,238,1,4131,501
8242032,Richardthesix,2102,1,801,712
8246150,Nehustan,0,1,188,1066
8246770,sirpatoloco,2197,30,207305,226
8318841,Hedgehunter,17,2,4779,493
8346072,ArthurDent33,3216,1,224,1025
8348797,penetier,0,1,251,1004
8423392,mateski,0,1,591,778
8487569,ReD+KhaN,652,122,1184934,85
8500577,Wastri,2734,6,19823,383
8503748,Madigger,0,1,135,1134
8515712,Mitesh+Gami,0,1,632,762
8553536,Kreiz,0,1,26,1233
8572750,litkafilip,561,1,638,763
8594589,Comply+Or+Die,1656,33,209525,225
8601150,XaH+KpyM,652,61,596207,152
8616160,FullSpartand,1901,1,172,1097
8624538,%2AMeh%2A,1349,223,1984880,29
8643678,psycho+bob,0,1,421,866
8663824,cyruscmh,0,0,0,1386
8691940,bigjoh,35,0,0,1387
8706278,ThaiT,1656,45,401653,189
8723470,Bluecrop,0,1,2935,544
8724920,22eur,1021,1,351,912
8761508,capolux,0,1,1186,646
8767097,ralonec,0,1,111,1154
8828632,mrhoangdh,1904,130,1166502,87
8841372,KenSch,971,1,1014,672
8850332,jcboi01,3183,64,442085,178
8915658,Ursinus+Bull,1349,46,414896,186
8920047,Pedropeters,3340,1,158,1117
8933139,LEE+THE+BATTLE+WARRIOR,2736,1,522,808
8956418,Tupac+Amaru,3236,16,51134,312
8972257,Maid+Kurtis,0,1,32,1217
9002999,STFC11,3183,149,1249907,81
9006076,gibbomd1,0,1,1046,668
9024545,lanky5,0,1,262,995
9024993,guapodr,0,1,26,1234
9046259,michael2933,477,0,0,1388
9049602,virginity,0,0,0,1389
9064226,Count+Edwin,58,1,112,1152
9069751,mashobra,35,1,534,801
9074586,GlasgowRFC,1174,1,411,875
9082711,E-99,0,1,736,731
9088320,war-peace,1952,30,241250,218
9111308,jaguar66,103,1,1261,637
9123752,lileikissm,589,0,0,1390
9146244,Bloody+Howling,3257,0,0,1391
9175557,Ambroninjia,2762,1,136,1131
9177385,Active+But+Lazy+Gamer,3340,3,14229,405
9235028,vFqZe,324,1,6025,473
9239362,SNAFUII,1945,1,495,821
9239900,Lord.Walter-Waters,0,2,6132,471
9247761,HERCULES1966,23,1,585,779
9249362,Celtic+Queen+Xxx,0,1,358,906
9263418,%3DBit+Cloud%3D,1952,95,898704,117
9264537,pcsfari,509,1,78,1182
9272899,Grelwinvulf,0,0,0,1392
9273737,maxlongbow1,1962,0,0,1393
9273965,xakutaro,1904,28,226052,222
9275734,xSULTANx,0,1,26,1235
9284626,Playmate,320,0,0,1394
9285224,Baahre,1733,10,60337,299
9319347,Truthfulruse,2955,1,317,942
9330037,scv30,477,4,16595,396
9351988,chopperu,3149,1,1688,612
9360895,Spgoddess,0,0,0,1395
9363751,stormbringer2012,0,1,72,1195
9373633,sunrising63,81,1,2993,539
9395007,bsjptpt,0,1,329,928
9402115,BGSanchoN,652,41,363634,190
9404898,Jerry+O+Sulllivan,1652,3,8114,452
9428477,divgota,652,23,202175,228
9442449,Sir+Cork,0,1,717,733
9460639,xxx07,103,1,466,838
9464374,Shogun66,3131,100,895812,119
9466514,eVilSizer,0,1,174,1094
9473634,sunmachine,0,1,121,1146
9486523,cemblin,0,1,275,979
9494870,adib95,2762,1,497,820
9497362,mallysmally,2714,1,2455,565
9504623,suloi,3207,3,6421,470
9518859,stelup,1642,1,243,1012
9534177,Nickjj13,0,1,208,1042
9535255,pyre+fierceshot,0,1,695,742
9540131,kiwi2011,23,1,422,863
9585048,JURAS+RUKSIS,1945,1,758,724
9588828,dlarson3,81,2,2602,558
9589364,vctmart,2762,1,531,805
9591907,tjwolfe,81,1,397,882
9592666,CrohamHurst,2846,1,307,950
9604455,Toyhood,1945,3,17684,392
9609554,Roflmaoson,3183,56,491529,171
9618074,Walk+With+Me,1349,105,917761,115
9618373,emilsen1,0,0,0,1396
9626985,Hungry+Hippos,652,16,128505,255
9633180,whitebrw,1444,1,325,934
9639484,inndee,0,1,26,1236
9645987,StrawberryQueen,0,0,0,1397
9680529,.tricky22,866,151,1383086,66
9682465,nitehawktribe,79,1,312,946
9687221,cadenze,0,1,299,957
9689312,Kurtovic,0,1,26,1237
9692357,StoicLady,81,3,6856,466
9696773,xFEEDxTHExGODZx,2197,9,22123,373
9715852,ReleasedNow,3260,11,56796,308
9719084,Casual+BJs,3107,1,171,1100
9722317,Joshmel,1642,1,3922,509
9726572,henrik5,2762,3,7128,460
9730076,Warheat,0,0,0,1398
9738365,dayofthehippo,1540,1,380,893
9739587,SA0421,0,1,489,826
9740970,lloyd5.,3183,200,1828691,35
9745307,The+Climb,452,139,1379764,68
9747178,Zortan,971,5,25414,361
9754276,FamousInferno,641,153,1553018,50
9755423,RICH57,0,1,371,900
9756090,Xenobagel,2128,1,156,1119
9757086,Murena,0,1,234,1020
9759264,Anvil,1733,1,5916,476
9765343,elinevo,2773,5,13614,408
9765914,rspohl,3220,22,87486,275
9769137,jandcfer,1817,1,222,1029
9772647,rattel,521,1,417,871
9773949,King+Simi,23,1,1451,626
9778158,lakorn,1332,1,1069,664
9780410,frannypoo,2851,1,236,1019
9783799,Multiple+Wargasms,641,179,1817335,37
9787745,Chuck+Liddell,2188,1,124,1143
9794166,Lord+Lord+kevin,0,0,0,1399
9804590,Inkweaver,2769,22,150024,245
9812866,flip2212,613,78,768222,132
9816586,Martyn+De+Buggurrbuc,2672,1,1566,622
9817877,solonyan,0,1,326,932
9822692,Ascacos,1349,135,1246008,82
9829584,lucii+agripa,652,32,246066,217
9830617,dowhomer,17,11,60334,298
9841919,Temida,3296,2,3439,518
9850705,jezzajeremy,0,6,21725,375
9855604,Lord+Protector,0,1,325,935
9864873,martypos,17,13,75033,286
9868993,Demonic+Joker,0,1,572,784
9876722,mikkomo,3164,18,100587,268
9891648,Billben,1673,3,3392,521
9898154,atheb001,0,1,118,1149
9900978,Skyblu101,0,1,250,1005
9905924,chapps22,3340,1,26,1238
9906670,DoubJ,0,0,0,1400
9906924,robertsolo,447,1,320,939
9913772,Asgard39,17,2,6535,468
9937811,legendofdark,0,1,377,895
9948582,NeoStorm,1913,1,451,848
9948696,RicktheBlade12,2518,1,196,1056
9954918,driver916,13,1,220,1032
9956938,Komsi,0,1,492,822
9957796,Condensed.,641,147,1423976,64
9960123,Florian+Geyer,0,1,700,741
9967074,Riddik4234,2197,26,180815,235
9971387,Destikado,1893,4,18439,388
9979858,pepk,342,1,160,1115
9980904,man242,0,1,957,681
9981214,Horny-hippo,0,1,374,898
9984094,bektaa,0,1,649,758
9988994,Lord+tankman,3165,0,0,1401
9989947,avivm38,613,121,1166044,86
9991275,LOGAN50,0,1,146,1124
9993734,natalia13,1642,8,20215,382
10006413,Tegelen,23,1,393,885
10006848,Knightbellgo,0,1,149,1122
10007454,King+Enea,866,40,336319,195
10013354,Harris99,0,1,26,1239
10013820,reaper.1,27,1,2007,595
10016824,malac88,2762,3,12083,419
10056810,LelenasChild,452,74,705353,142
10060675,Punchinzombies,1059,1,176,1089
10078112,jogardus,1642,1,413,874
10096481,J%C3%B6llik%C3%B6lli,3340,1,317,943
10101460,ahotd,2620,2,7072,462
10106327,John+Saviour,3254,13,124324,258
10115392,swagdred101,0,0,0,1402
10117247,BananaInYourPocket%3F,1733,18,110399,262
10125449,boogs1,0,1,166,1109
10144642,King+xylon,0,1,203,1051
10146045,darklong,1904,56,541398,161
10159601,cacalolo,1558,1,1250,638
10176252,Queen+Anabela,0,1,269,985
10177562,Unlimited+Supplies,0,1,1032,670
10178428,-FREE-,0,1,6047,472
10186786,Lord+shawhunter,2964,1,712,735
10190315,Iron+Lady,3363,1,180,1081
10191999,Khamizor,3149,0,0,1403
10199915,jeonghyun96,3353,1,1226,639
10207899,avner.t.il,0,1,253,1001
10223484,Mudandred,0,1,1173,647
10232146,Boxcar+Bill,0,0,0,1404
10237688,marcantonio2001,0,1,456,844
10239126,QueenZyva,2933,14,88100,274
10248034,Carlsberg82,17,0,0,1405
10251480,Yoghurt+BabaYaga,452,336,3337032,9
10256288,Lord+Joshy,1652,1,1946,599
10265807,lordpegasus,324,1,238,1016
10273573,The+Disuniter,1656,26,182283,233
10284836,MaltD,2846,1,739,730
10285283,Tsalkapone,1485,27,196494,230
10300927,Alca780,0,1,191,1061
10303679,KRAKRA,652,50,503808,170
10310590,Awkelly62,521,1,1556,623
10323060,Trevett10,1656,67,586137,151
10331147,PzIV,1791,1,3355,525
10343308,Snowfoxxey,3183,103,897345,118
10345680,killerbee133,0,0,0,1406
10351055,breogan,0,1,490,825
10353367,Cashcole995,0,1,26,1240
10362516,Prometheus,641,205,2112814,22
10363081,re+robertum,2762,6,23570,368
10363882,Bugoy,258,6,12441,417
10372172,Garyf,0,1,26,1241
10378380,otanrep10,3236,20,130095,254
10404337,Nater,3164,12,49403,317
10404773,Tartarus,2252,1,2214,578
10416661,theappleflavoredcanary,0,1,73,1189
10425053,erdembjk67,1945,8,26631,358
10427048,miraluna143,0,1,1223,640
10427995,sireDuke,0,1,1046,669
10436679,BlackGrimReaper,452,192,1906874,32
10441858,Ticko49,452,159,1549469,52
10452473,PinkLisa,92,1,302,952
10457316,duke+nukem,1904,114,1099747,92
10458494,Angelusnoir,0,1,2283,574
10468772,Four+Nerds+No+Villages,3183,47,292981,202
10471994,wumpus,0,0,0,1407
10492145,-Crusader-,3119,1,703,740
10498849,buddy9494,238,4,25914,359
10501770,Slaughter-Bill,3131,35,326839,198
10503971,shockandawe,0,0,0,1408
10508177,Carl+vdw,17,1,706,738
10516819,general+saber,69,1,569,786
10526561,antahberantah,0,1,56,1208
10531769,dimitriagape,0,1,185,1071
10537427,intusyancy,2846,0,0,1409
10557610,FireFoxm9,0,1,225,1023
10579887,G-Rex,3183,173,1518139,56
10580834,bjhnsn220,23,1,371,901
10610027,Josef,864,1,1372,630
10616311,BeatrixBone,825,1,706,739
10619297,Mrydoc,825,1,2366,568
10621422,The+Fugitive,0,0,0,1410
10621950,drakelius,23,1,328,929
10627241,SlackerJ,69,1,603,771
10637560,The+Forgotten+Titan,97,3,7385,425
10643155,ConditionS,69,0,0,1411
10644867,Zephur,2775,8,16895,394
10647336,t4nah,0,1,108,1160
10648101,-dark+asses-,452,80,743390,136
10658077,sampurna,0,0,0,1412
10660491,Oakdale,895,2,14469,404
10676513,BillyBobTheGreat,1444,1,473,834
10688292,ScR3w,0,0,0,1413
10690393,STESHOT,474,1,503,816
10709944,Lord+Rafferty,23,1,393,886
10713552,Salvador+Dali,641,184,1895633,33
10724323,Buleud,3327,1,225,1024
10735961,done,3270,1,1632,616
10742302,wranx,0,0,0,1414
10746676,eerieeidolon13,2933,6,27447,355
10747056,tryit,68,8,24973,362
10768074,jumbee+the+crate,0,1,1606,618
10775231,nykalord,0,0,0,1415
10790105,Joe-Flo,1485,93,729223,140
10807416,Nikolaj+Gregorov+13,2220,1,443,853
10812416,Williamthefirst,3286,1,2789,550
10827122,JustDoIT,1335,1,310,947
10830371,PP+EARNER,0,1,26,1242
10834476,Forged+In+Fire,0,1,26,1243
10845623,skyapples,2197,10,57663,306
10866507,ALKAMIST,971,1,269,986
10867005,rickyrecon1961,1642,1,1891,601
10872030,La+Sardine,0,1,26,1244
10904387,kabayan,0,1,653,757
10917672,Reemul,2102,1,203,1052
10927288,AuroraMoon,0,1,67,1199
10933786,Sharp+lee,2947,1,1365,631
10950753,whiskey+sour,1656,114,935511,112
10956238,Livsnjutarn,0,1,32,1218
10962865,Witez,0,0,0,1416
10971993,The+wanted+one,342,1,1357,632
10972989,ADW+III,23,1,600,775
10977709,pantelis+22,3295,1,726,732
10984260,ghtjd456789,0,1,181,1077
10989461,oni111,1962,1,26,1245
10994045,Bam+the+Irregular,622,26,60801,296
10995429,ex.con,866,79,767215,133
10997566,Half,452,79,784011,131
11003547,One-Punch+Man,452,219,2093571,23
11004230,kingraz,452,183,1708858,44
11015252,Linoko,0,1,163,1111
11016469,golgol,0,1,3732,512
11020809,Monsterpae,3015,0,0,1417
11033911,King+Gary,2773,1,291,966
11036562,Timjam,2197,46,282879,203
11036879,Zazake99,3340,2,18296,389
11040873,galahad2b,1349,213,1756680,42
11044181,Rim+Express,1349,173,1773389,40
11048328,Kaapeli,971,18,58782,303
11052741,Sword+Sister,1656,234,2260010,18
11055813,Merlinkush,17,1,3983,507
11057294,acermen,81,1,418,870
11062763,Haasoor,58,1,4835,489
11067456,millot,27,1,560,789
11075200,TheDeadStranger,2197,5,42593,328
11075738,Crowelyssuit,0,1,356,908
11076598,croztec,0,1,26,1246
11078777,ItsMeAgain,1485,26,224245,223
11079554,Fitzy.,0,1,419,869
11079927,Hamarlan,1827,1,961,680
11091514,sharkmen,593,10,79760,282
11093157,Talambuke,2669,1,573,782
11098428,Sone94,3350,1,176,1090
11111389,Queen+Beothuk,23,1,855,697
11115304,JoroEdde,3291,0,0,1418
11115633,Varika,0,1,26,1247
11116419,Death+Orchestra,1349,389,3625306,5
11116580,Tide,641,254,2376269,16
11116616,Lions+Can+Fly,0,1,26,1248
11117996,King+BaQn,0,0,0,1419
11118730,The+Cat+Of+Love,866,155,1441873,61
11119126,3.2.1,1485,27,257527,212
11119147,EristikosOPC,866,213,2040931,26
11120978,pellui,2197,10,53055,311
11121928,petryx,0,1,994,675
11125000,Doodles,0,1,3290,528
11129033,proslayer1,593,1,26,1249
11129135,WelcomeToTheFreakshow,0,1,26,1250
11137279,overwatch,3298,1,944,682
11148676,grave+maker,3183,154,1383174,67
11153556,Redo,613,511,4884851,2
11153805,Anne,0,1,26,1251
11153842,Strong+Hand,3372,1,708,737
11154353,tempelis,208,1,7607,456
11154939,Winterr,0,1,337,922
11156736,Bendis,2822,1,438,856
11166958,epinephrine,1656,101,657471,147
11168290,sfd1234,0,1,1107,659
11168411,dukeman,0,1,263,994
11173044,Superdog,97,1,26,1252
11173388,Kanki,346,1,980,677
11179076,tianna,3273,1,397,883
11179200,Gennaro+Savastano,866,153,1394786,65
11179400,Fluxdeee,0,1,26,1253
11180929,Dr+No,2734,8,31939,345
11181835,fang2,0,1,2633,554
11191996,snpn,0,1,26,1254
11195909,John69Cee,15,1,186,1068
11199046,THE+Sniper,0,1,180,1082
11199302,rycka1,0,2,686,744
11200997,dede4416,0,1,26,1255
11203298,Clementiu,13,1,294,963
11203348,%2APain+In+Da+Axe%2A,3164,11,86936,276
11207522,eiouay,0,5,12850,416
11215489,walrus,99,1,4614,495
11217090,Jonhil,1563,1,612,767
11218411,jhshultz,0,0,0,1420
11219365,Wing,447,0,0,1421
11222538,SissyAdyanaTV,477,1,4154,500
11224167,Swifty47,1773,1,26,1256
11225915,Taunuspirat,2846,1,479,828
11230901,gpttkftkf,1349,384,3800385,3
11234482,king+dovefly1,1444,0,0,1422
11234497,AryanPrince,0,0,0,1423
11236133,irljayme,1254,2,324,936
11236834,ghost11254,641,82,717181,141
11244682,Arina,2947,1,1735,609
11245065,81Assasinz,0,1,56,1209
11245940,cjdestroyer,0,1,61,1203
11249440,DCLXVI,13,1,110,1155
11250671,Persus,652,110,1031986,103
11250744,valiera,0,1,26,1257
11251150,sas28,0,0,0,1424
11252505,Gibone,971,1,1760,608
11253556,KissMyAxe,0,1,26,1258
11256005,DeHaven,258,1,3366,523
11260388,DeathBySnuSnu,0,1,26,1259
11266365,Ledez-senpai,0,1,787,715
11267484,Johmy+Desu,1485,37,276797,205
11267485,Abraham,1485,58,405930,187
11268329,selamatg,0,1,2148,583
11270933,ujkan,1485,58,532495,165
11273727,halomaster85,81,1,170,1104
11274369,R43F0N,3075,9,50479,315
11275707,TaintedTurtle,477,3,7023,463
11278858,kevp,23,1,3985,505
11279806,BLAADE,521,1,643,761
11279908,lokigodsback,320,2,10018,431
11281656,SkaYnEz,53,72,695372,144
11282561,Perras+Locas,28,44,434567,181
11283533,RaGnar2,0,1,26,1260
11284257,scorpia+neagra,604,0,0,1425
11286159,josh1995,0,1,417,872
11287875,beebeam,0,1,573,783
11289604,Ojsan,929,1,295,962
11291153,KattRag,17,16,82231,280
11291404,buby69,0,1,2131,584
11293057,Constantin,1656,72,578583,155
11297454,megahitSRT8,604,3,18982,386
11297966,John25,2672,1,933,686
11303059,seth018,0,1,212,1039
11304604,elsi1234,0,1,322,937
11308595,2pac6pac,1349,40,398983,188
11311321,Shinko+to+Kuma,3339,1,492,823
11317461,Fritzi2,0,1,2079,588
11319233,auracraft,0,1,356,909
11320640,Delbert,0,9,23099,370
11320981,Dorset,3236,20,132503,253
11321932,diyq,0,1,309,948
11322457,NonStop.gr,866,214,1994045,28
11323555,piercetata,0,1,206,1045
11327990,mikeLetoris,0,1,3291,527
11328645,NightLady,3340,1,9244,440
11328982,%2A%2ABAM%2A%2A,2331,1,5672,478
11329728,RIP+U+1,81,1,1157,650
11330722,wildthing,0,1,9632,436
11331072,chrome1992,0,1,599,776
11332326,Sir+John,3293,1,367,903
11335098,wilargs,0,0,0,1426
11336348,-RazorsEdge-,2672,1,462,841
11338766,Canly,0,1,186,1069
11341866,ragoon9,58,1,667,752
11342316,youse,3164,28,193181,231
11344457,zorrro,0,1,122,1145
11345061,Aries78,0,0,0,1427
11346077,regretable,3349,1,1105,660
11348372,xcal,0,1,26,1261
11348754,Dobbzy13,0,1,73,1190
11349266,thousandsyears,0,1,26,1262
11349513,Evocablepanic,1349,176,1611177,48
11349534,FACT7890,3171,0,0,1428
11350540,TSUNAMiC,2912,1,670,751
11352765,cmndnong,0,1,2961,543
11353276,inamicu88,0,1,58,1205
11354157,Surreal,0,1,26,1263
11358159,theblackadders,1952,110,1046050,101
11361947,stenhugger35,0,1,401,880
11362242,Angel90,2116,1,84,1178
11362418,Sophus,0,1,377,896
11363503,denhomie,1656,40,255070,213
11364013,Old44,1642,1,150,1121
11365489,Dagir,0,0,0,1429
11366164,Tuayon,971,0,0,1430
11368465,Mozaiq,829,1,2582,560
11369099,ICHES45,0,1,568,787
11369342,SplashBrothers,0,1,26,1264
11371362,Th0mazz00,1733,2,7174,459
11371577,inoblebarbs,0,2,7107,461
11373143,Aalborg,0,1,4116,503
11374405,robby,0,1,526,807
11375052,Black+Hammer138,452,127,1139758,90
11377047,Gravity018,2933,1,2279,572
11377256,bill34,894,1,137,1130
11378426,timco7,35,1,26,1265
11379147,All+Skill+No+Luck,0,1,26,1266
11379184,Alexis+Tsipras,866,140,1374970,69
11381925,geslo,0,1,663,754
11381957,boki007,2345,1,672,749
11381976,rudomir1,0,1,1977,597
11381978,zoogu,693,1,1008,674
11381981,Zumi,1349,190,1862103,34
11382019,Emanuela+Zidar,311,1,246,1008
11382044,Marxxx,3131,27,265405,210
11382074,-majmaj-,0,1,138,1129
11382104,seocenko,3107,0,0,1431
11382165,sekolinko,0,1,153,1120
11382199,mihax,185,1,850,698
11382201,ZRIMIR,0,1,3738,511
11382202,robis,185,1,1077,663
11382213,klarisa,0,0,0,1432
11382235,kobra16,2197,16,89445,273
11382485,laganicaa,0,1,180,1083
11382491,buliwuf,3268,1,3564,515
11382771,leinad+namsirk,2672,1,269,987
11382866,kadilec,23,0,0,1433
11382967,bbole,2620,1,507,813
11383301,DR.ago,0,1,194,1060
11384335,Irena78,3314,1,196,1057
11384677,-jura-,780,1,4394,498
11385520,jens567,1696,1,662,755
11385611,bojan99,2851,0,0,1434
11385631,Obelix420,0,1,26,1267
11385801,Damir-TZ,847,1,127,1141
11386174,GEBS,0,0,0,1435
11386823,JasamTu,35,1,184,1078
11387295,stalker2,589,1,3356,524
11387768,Milivojsa,0,1,386,887
11388156,buhteljcek,3290,1,746,728
11388723,jankovc123,0,0,0,1436
11388745,GokuBlue,3371,1,78,1183
11388962,minjaha,3220,34,309246,200
11390345,cotr,1332,1,534,802
11391631,Mr.+Smitys,0,1,26,1268
11392673,-TAI-,2977,11,59253,301
11392794,Sebita,937,1,212,1040
11392943,Nico2241,2998,3,21525,376
11395166,wedel,103,1,2272,573
11395456,AndreicuInima,0,1,26,1269
11396080,ksykor,0,1,619,765
11399649,Cthulhu,929,1,2013,594
11399884,marnob,2762,1,1974,598
11400011,Rushing+You%3F,0,1,26,1270
11400374,branko111,2197,13,39423,331
11400585,SkyMorpheus,864,1,3480,516
11400910,ReapingSalvation,0,1,221,1030
11401065,Kalibar,0,3,22881,371
11401511,panxis,2197,5,28607,348
11402198,SOCOJ,1732,2,8318,448
11402429,Warchild,0,1,830,705
11402681,RustyRat,0,0,0,1437
11402800,arbiterthesilencer,0,0,0,1438
11403667,CrUsSaDeR,258,1,381,891
11405144,Sephiroth,25,81,788426,130
11405226,slani,2775,4,11480,421
11405260,Mama+Africa,0,1,75,1186
11406317,mali+miki,2556,12,44121,327
11406946,PANG2018,0,1,646,759
11407108,davilnight,3256,5,10038,429
11407111,TinZaRw,2775,36,247396,216
11407119,masmanee,0,1,518,809
11407123,pepo1965,0,1,646,760
11407130,boonrut,0,1,476,832
11407231,IAMRay,0,1,130,1137
11407450,radsamee2,589,1,212,1041
11407655,fishy,0,1,190,1064
11407717,chamakuball,1642,1,632,764
11408563,-dionysus-,622,6,59329,300
11408610,ong14,238,1,5275,482
11408772,shuggy,0,1,1010,673
11409702,Sawittt,0,1,26,1271
11410494,-GRA-,0,1,185,1072
11416093,james+tawinno,0,1,755,726
11419976,iControl,0,1,54,1210
11420814,tronglevis,1904,22,163792,241
11422826,Kirito211,3156,1,120,1147
11423740,mossoy,3256,5,26930,357
11424186,LERA,1485,1,10571,426
11425532,Don+Q,641,168,1443817,60
11428951,Schumi,2880,1,680,747
11429303,Lord+Sir+Kirmit,17,1,686,745
11429335,Porewit,3321,1,26,1272
11430151,vojko,0,1,451,849
11430913,phongsakron2832,2775,0,0,1439
11430949,Ibm252,0,1,2239,576
11433773,kralj+hasanaga,3075,2,13329,411
11433890,Unknown,1952,131,1282388,76
11434215,NewStart,0,1,2228,577
11434438,SplinterShadow,1521,7,27152,356
11434460,Lord+je+srcni,3220,4,24671,364
11434617,kucina,68,1,4413,497
11436684,Lynckx,0,1,502,817
11437381,vitez+tovornik,0,0,0,1440
11438480,eaLogy,68,4,16958,393
11438689,eleanor,1449,4,13451,410
11439374,Maxakheron,3370,1,1125,656
11440038,pirke,0,1,3928,508
11440151,Thomas+I.,2775,6,10504,427
11440605,I+am,2349,1,372,899
11441400,Anac0nda,866,130,1285447,74
11441585,Dreagle,3183,72,594822,154
11441698,nik944,0,1,26,1273
11443206,mufasa+scar,0,1,26,1274
11444412,artanis,25,81,765822,134
11445214,Freyja+Goddess,0,1,26,1275
11446460,bramdalar,25,92,862289,122
11446598,Crabby,2930,1,26,1276
11447792,Frenkyy,0,1,299,956
11448210,davosa1,613,134,1300941,72
11449104,Light+Yagami,0,1,26,1277
11450756,No+Flex+Zone,0,1,26,1278
11450783,Vas+the+stampid,0,1,358,907
11451549,Balthalus,3304,1,1283,636
11453644,The+Quartet,3131,103,918112,114
11454307,zidrox,0,1,285,970
11454354,Naty,477,9,23976,367
11454738,Emerald,0,1,281,974
11454887,cesilko007,0,1,376,897
11455007,King+Diamond,866,216,2064470,24
11455233,PendekarLama,0,1,939,684
11455669,gormil,2775,2,7795,455
11456762,DanneBoii,3287,0,0,1441
11457670,super+mario2,0,1,5494,480
11457808,tomtherocker,929,1,602,773
11457850,Soto,0,1,404,878
11457876,Zhiraz,0,1,97,1168
11457922,Tussen,2773,0,0,1442
11457941,bino,34,1,885,691
11457972,Raxio,0,1,84,1179
11458062,nikitanilsson99,27,1,1222,641
11458072,Solan,2734,1,8294,450
11458079,ade18,0,0,0,1443
11458106,Commandos65,3183,56,469456,174
11458220,Kurre-net,929,1,415,873
11458236,ku+za,1642,3,4122,502
11458373,Michael66,2762,1,3344,526
11458532,Mr.Khun,0,1,2632,555
11458611,Beethooven,3165,1,213,1038
11458635,Sir+Hero,3369,1,451,850
11459760,lenne,0,1,168,1106
11459855,Kambei+Shimada,866,308,2942199,10
11459920,kung+fu+panda,1952,92,885395,120
11460123,RedRude,0,1,26,1279
11460850,ERWIN,3340,1,8747,445
11461431,Wmwinters,3206,5,32993,340
11461845,Ragge+1,0,0,0,1444
11462366,armprin,0,1,26,1280
11462520,ed1112,0,3,12935,415
11462671,konkan,449,1,869,695
11462697,gugget,131,1,5204,484
11462827,Hebzie,3201,0,0,1445
11463679,Nobb+von+Nord,929,1,2615,557
11464460,Welzon,0,1,26,1281
11465065,Le+me+playing,3362,0,0,1446
11465549,ElliotMinor,0,1,26,1282
11466118,swaize,604,5,32357,342
11466721,VIISIKANTA,258,1,2322,571
11466831,Rickard800,0,9,21736,374
11466993,Geppo,2769,11,44591,324
11467327,Greenlove,0,0,0,1447
11467527,oxoboxo,0,6,46908,319
11467586,varg+veum,1642,1,786,716
11467915,Lovre,2837,2,4835,490
11467949,Henkepenke73,929,1,421,867
11467986,pecarata1998,0,1,609,769
11467998,winettu,0,1,560,790
11468423,MNeri,0,0,0,1448
11469373,Incognito.,641,137,1273648,77
11469529,spehbomba,1791,1,8100,453
11469925,Chakra+Mayjic,1904,8,79530,283
11470100,ZirdumDario123,0,1,26,1283
11470355,deivydas,1945,6,23283,369
11470502,ZVECILKO,139,1,3411,520
11470630,valley,522,1,815,708
11470640,Saul+Goodman,3183,65,512982,169
11470893,herrvenom,1540,1,282,972
11472334,NODUS,1656,128,1304178,71
11472684,John99,2151,0,0,1449
11473734,zip+zak,1733,17,126119,256
11474044,Kung-peter,426,1,452,847
11474990,saezira,0,1,269,988
11475453,hike17,521,1,237,1018
11475576,Klantarsle,2199,2,9829,434
11475608,yucelo,1320,1,1802,605
11476128,Hasse68,3164,5,20919,380
11476245,Edvard+Knyge+Kramf,35,1,540,797
11476488,Sjaak+Trekhaaak,0,1,901,688
11476860,Darknight.1970,3165,1,186,1070
11477108,Moram,0,1,171,1101
11477238,LadyBlue,0,1,850,699
11477292,Hodzza,0,1,26,1284
11477455,AlcoholicTurtle2,0,1,409,876
11477901,KOBRA,0,1,26,1285
11478315,Turnisse,3183,179,1546382,54
11479239,submarine,0,0,0,1450
11479481,jedsplinter51,68,6,19419,385
11479525,One+Last+Goodbye,641,363,3711188,4
11480242,vinividivinci,2667,1,287,968
11480665,trobentica,2947,1,1103,661
11480773,joakim41,929,1,1195,644
11481109,Bad+one,0,1,26,1286
11481794,framg%C3%A5ng,0,1,465,839
11482104,borilci,2797,1,144,1126
11482116,xixjapanxix,0,0,0,1451
11482122,pouza55,0,1,206,1046
11482136,WILDJOHN,2880,1,1221,642
11482176,izyy,2021,1,5289,481
11482197,BABABU,238,1,1144,654
11482406,Mr.Eggman,2897,0,0,1452
11482451,Nj0fra,899,2,7000,464
11482513,terhals,0,1,1772,607
11482521,somsakmuu,1344,2,2980,541
11482613,Olle+Bull,874,4,15116,400
11482648,boksarski+klub+DRINA,0,1,291,967
11482741,breesza007,3064,1,341,918
11482945,Reggie+Thunderthighs,0,1,205,1048
11483154,conconnor1,2672,1,765,723
11483339,WarlockD,0,0,0,1453
11483522,kingkaew,2775,5,21451,377
11483759,BigCookieCrunch,874,0,0,1454
11484128,shaun966,0,1,101,1167
11484261,Is.Mark,2775,3,10920,424
11484352,Ronibald,477,1,931,687
11484396,BMarko,613,247,2366632,17
11485453,Secretmagic,0,1,781,717
11485996,xicer,477,5,18691,387
11486106,fisken22,1466,1,454,845
11486132,tonton,99,1,458,843
11486738,lyrsta,2751,0,0,1455
11486742,Balaboola,3134,1,1378,629
11487784,Loke,0,1,2180,580
11488648,Knaus,3164,8,31992,344
11488973,cool,25,128,1150860,88
11489380,jabble,1904,45,337418,194
11489661,C1D+CAMP3ADOR.,25,263,2516744,15
11489673,Chinin,53,51,426727,183
11489677,Emperador+Jaume,25,109,935250,113
11489685,Reginense2,25,101,994163,105
11489689,DONOVAN,25,129,1138700,91
11489690,osseito,25,108,968323,109
11489701,roberkam+ii,28,55,459796,176
11489702,Barby+Sartenes,53,74,692993,145
11489711,mulrayita,53,57,524249,166
11489716,darkmatius,53,36,333080,197
11489717,Nenish,28,8,55498,309
11489719,Hexahidratado,28,65,565086,157
11489729,-Pain-,28,6,40829,330
11489731,Escanor+Sama,28,5,13685,407
11489732,Lastoco,25,56,532779,163
11489735,Trundle,28,68,637525,148
11489739,Bukarola,25,87,733157,139
11489754,King+Sasket,1733,11,98825,270
11489758,A+cop,25,102,991011,106
11489759,Thepana,53,31,258002,211
11489765,pati,28,52,426924,182
11489766,CorviEP,25,28,253537,214
11489777,Templario76,28,27,247807,215
11489779,Getafuen,28,101,851423,123
11489780,Natsuky,28,8,66901,290
11489783,acr100,53,107,952377,110
11489784,Maese+Zippo,53,47,474900,173
11489847,raulplona,25,136,1142263,89
11489850,amante,25,161,1550079,51
11489864,Sir+Akka,28,6,46008,323
11490013,One24One,0,1,875,694
11490045,Lissy,0,1,1475,624
11490128,Lady+La+Hoya,53,64,554193,158
11490201,kurcha,25,108,1090072,96
11490685,david+l.h.,53,89,541935,160
11491352,klangis,3107,1,3255,530
11491589,tabeli,2851,1,1091,662
11491740,stropeyer7,0,5,27453,354
11491843,cpnelson,0,0,0,1456
11492922,manulhr,28,121,983517,107
11493057,Pvilla,53,83,736883,137
11493058,Lucesita,0,1,165,1110
11493078,DarkLegend,3365,1,26,1287
11493219,Morfeo74,53,30,274303,206
11493248,Geralt+de+Rivia,25,143,1440819,62
11493450,ping13,2385,1,5957,475
11493529,coachtop,28,4,32320,343
11493747,Reina,53,1,538,799
11493885,negrek,25,233,2192410,19
11494026,Gogo+Veliki,2282,0,0,1457
11494228,Jfelao,28,129,1284652,75
11494631,warrant,0,1,282,973
11494985,manuel13,25,85,735595,138
11495219,Didde,0,1,610,768
11496253,PistaShoot,28,7,50746,314
11497547,TheChef,0,0,0,1458
11498190,Ik+Siong,0,3,3913,510
11502983,Be+My+Farm,0,0,0,1459
11503375,Grazzie,929,1,427,861
11503554,Cheekyloftus19,0,1,77,1184
11503621,Sui.,866,231,2156082,20
11504338,TerMaNOnE,28,41,356807,191
11504673,asdfa1234,0,1,26,1288
11505862,ChGravdal,0,1,26,1289
11506153,mskrabaster1,3020,1,572,785
11506329,luluki,53,64,594918,153
11506383,Cosmic+Antagonist,1656,115,1031526,104
11506509,Heaven,0,0,0,1460
11506677,Gverreiro,3359,1,278,978
11507166,FunkyChicken,2769,3,9910,432
11508331,android,28,20,148541,246
11508402,Munchkin,1485,19,163695,242
11508615,namekhall,0,1,292,964
11509973,cwj1129,2933,1,2825,549
11510795,Kasmok,0,1,26,1290
11510891,mokus70,0,1,245,1009
11511116,Gelomeister,0,1,26,1291
11512555,kiruban,0,0,0,1461
11512612,Phsymon,3075,3,13070,413
11512702,Curtis,641,123,1228620,83
11512795,Da+Caucasian+Rastafarian,2843,1,2377,567
11513858,Atlas+Pandora,1652,10,55318,310
11514007,Druxer,3355,12,46379,321
11514656,hocai77,1349,152,1454409,59
11515257,inferno,0,1,2131,585
11515611,alpharekt,0,1,26,1292
11517752,dodogelu,1652,4,34247,338
11517971,mitja234,103,1,1408,627
11518142,Theangrylime,2736,2,11093,423
11518282,amba,103,1,829,706
11519127,David55,0,1,510,812
11519668,akxrah,0,1,346,916
11520119,Tia+Dalma,3251,1,469,837
11520127,a040a,0,0,0,1462
11520517,henkel,0,0,0,1463
11520855,psohlavci,144,0,0,1464
11521071,Chakra,0,1,26,1293
11522371,paradox192,0,1,134,1136
11522507,krillin,2773,1,448,851
11522530,Loto,13,1,167,1107
11522566,Blood+monke6,1952,296,2854033,12
11523474,hoooooop,0,0,0,1465
11524216,Exiled,0,0,0,1466
11524392,gassar,0,1,191,1062
11525988,NickeF1,0,1,3110,534
11526954,kenshinzippo,2102,1,2589,559
11527172,Blaylock,0,0,0,1467
11527470,Junglist,477,9,10337,428
11528469,yarcan,81,1,502,818
11528714,payne.,23,1,1162,648
11528848,Hummer43,13,1,1458,625
11528930,Tenoch,0,1,26,1294
11529155,takeit,0,5,24535,366
11529320,nordicopoker,3131,67,455331,177
11529656,Norgeswrap,1485,32,305856,199
11530394,Milner,641,210,1974114,30
11530679,Red+Ranger,613,218,2059671,25
11530783,Oneking,2197,21,137774,251
11532214,LordAragorn,2199,1,26,1295
11532351,second+run,0,1,26,1296
11534181,Paulianer,0,0,0,1468
11535206,Vestreboss,452,111,1090996,94
11535784,EmberAmarie,3165,1,574,781
11536783,tigerellie,0,0,0,1469
11537247,lifeguard201,3164,10,75987,285
11537664,Joelcollins92,0,1,893,690
11537982,graf5000,0,1,26,1297
11538045,Redeye,613,162,1434106,63
11538436,King+andalas,2769,32,212747,224
11539985,Tobyen,0,3,17887,390
11540994,LadyMichelle,324,1,1395,628
11541393,Mircea995,2933,7,33505,339
11541731,Tombar,0,1,1783,606
11542629,zalgiris122,1733,3,17853,391
11542820,KenjiK,1145,0,0,1470
11543241,FOINIX,0,0,0,1471
11543805,canoamkd,0,1,26,1298
11544222,Hrolv,17,11,62257,295
11544449,jz25,3303,1,879,693
11544495,cbf1027,0,1,252,1003
11544562,Brachio,1349,99,904489,116
11544836,DyslexicOG,1349,90,866717,121
11544860,Fez+Ferrarii,1904,32,272262,207
11545803,MasterJT,0,1,549,796
11546293,johng43,0,1,32,1219
11546354,Evilendless,0,1,26,1299
11546804,Yorfh,999,1,26,1300
11546979,Derbyian,2841,1,214,1037
11547151,a.K.a+No+Life+Alex,0,1,26,1301
11547350,Fishyslo,0,1,421,868
11547493,tadza,0,1,387,889
11547600,Pacific,3358,1,2128,586
11547740,medzik,0,1,26,1302
11547756,sesko,0,1,2568,561
11547807,Dr+Wolf,1254,0,0,1472
11548015,Murderous+Traits,613,303,2707534,13
11548026,Chawie,0,1,115,1150
11548196,Billmarin,866,110,1048193,100
11549331,TheTrophySamlern,0,1,26,1303
11549374,kokobest,2197,53,438561,179
11549944,vekinator,0,1,26,1304
11550398,zmili,2197,57,489478,172
11551445,Fridge69,1733,17,85951,277
11551548,kmjetms,0,0,0,1473
11551802,HALEK+1,2762,1,8334,447
11552136,ruab,1904,31,180933,234
11552404,Roku1,3131,68,425823,184
11552415,Nir.Shadow,0,1,832,704
11552741,TannoI,589,1,220,1033
11552787,DallasSlo77,0,0,0,1474
11552869,Gas+Can,2769,21,110195,263
11553041,d%C3%B8den99,613,36,282078,204
11553201,Platphis,3213,1,442,854
11555025,SVGhost,2920,1,2842,548
11555470,DanteAlighieri,929,1,1068,665
11556591,West-,613,128,1191004,84
11556760,Divljibizon,0,1,815,709
11556811,Drc666,1773,1,8213,451
11556863,Hellhammer,0,1,238,1017
11556943,Kierenl8,0,0,0,1475
11557940,Inet,0,1,422,864
11558227,Bongo57,0,0,0,1476
11558452,IncomingRamFake69,1656,175,1638712,45
11558529,Picasso+of+Chaos,613,261,2539148,14
11558847,endlessdark,1349,106,1045296,102
11558882,Evgo86,0,1,26,1305
11558907,Central1,613,146,1484798,57
11559208,-dimitrius-,0,1,115,1151
11559852,pythonormen,0,1,62,1202
11560378,yungnelmer,0,1,321,938
11560456,agam,2760,0,0,1477
11560457,Audri69,2556,0,0,1478
11560762,rbk559,641,172,1529453,55
11561310,pappous,1485,110,821755,126
11561315,WSHARK,866,367,3467428,6
11561365,Lion+of+Lannister,1904,25,240378,219
11561394,killereddie,0,1,89,1173
11561567,cityoflight,77,0,0,1479
11561636,pSyk1K,3315,0,0,1480
11561856,Arko988,971,19,85025,278
11562062,Busen,0,1,102,1164
11562089,Mastah,1349,183,1786055,39
11562270,RekohDaNadnikna,652,23,170824,238
11562341,tadlweis,1642,12,60653,297
11562385,JPSilveira,324,0,0,1481
11562463,alguno74,53,31,232321,220
11562596,Bedanz,858,1,239,1014
11562748,Sir.+Shamus,0,1,26,1306
11562791,karrekarre,0,1,223,1028
11562993,PanthiraS,1485,46,349364,192
11563339,PhATmAN51,1642,1,141,1128
11563438,gabri,866,196,1819084,36
11563440,lolkana,2664,1,163,1112
11563574,External13,866,202,1961682,31
11563794,Fishmen,593,1,2982,540
11563820,medeltiden,3183,77,695813,143
11563951,Blixstenbro,937,0,0,1482
11563992,Since+1926,58,1,253,1002
11564420,ALCM-slkg,1049,1,993,676
11564500,jumpermf,3183,91,831395,125
11564532,The+Count,866,136,1323563,70
11564562,Vilahano,0,1,26,1307
11564682,posidon,937,0,0,1483
11564788,muger59,2843,1,26,1308
11564845,Herre+Tribalwars,3220,2,13259,412
11564952,Arturs,0,0,0,1484
11565077,mr+pepper,0,1,341,919
11565151,dawildj0ka,2667,0,0,1485
11565196,mafiu,53,62,617762,149
11565197,Healer,3360,1,768,721
11565580,KaptenKalsong,0,1,26,1309
11565707,jethers1993,1485,55,521659,167
11565714,sue1949,0,0,0,1486
11566274,kakka,1494,1,6017,474
11566402,Adamcevansx,0,1,595,777
11566472,LordOfSolupa,1521,2,3465,517
11566546,antoine1010,477,1,533,803
11566571,Django88,2846,1,1595,619
11566999,wout123,0,1,73,1191
11567120,Kaboutalaf,0,1,26,1310
11567143,My+Nemesis,3149,1,88,1174
11567333,Crazy+Turtle,0,1,26,1311
11567515,fitnesa24,3373,25,180591,236
11567676,nierox,929,1,1577,621
11568235,Schitzo,0,1,2560,563
11568244,KhanMan,3076,1,431,859
11568289,Cosa+Nostra,0,0,0,1487
11568376,deton1,2197,40,325155,193
11568466,Antarctic.krill,0,1,128,1140
11568547,geop,1485,7,65175,291
11568771,Guest568771,0,0,0,1488
11568813,xaxil1,0,0,0,1489
11568874,TeoAleyx,0,1,381,892
11568899,chappy,1827,2,5768,477
11568934,dux2311,1827,2,7781,454
11569288,Guan+Suo,0,1,665,753
11569367,Mandalorian74,3183,113,1076821,97
11569380,Browneh,3183,70,538966,162
11569640,Fairy+King,3233,1,109,1158
11569649,fufuq,0,1,2897,547
11569729,kils,652,8,57508,307
11569791,Tromokratoras,3192,6,30090,347
11569801,StijnVr89,27,1,777,719
11570003,Mustifer,2380,1,1694,611
11570156,Orri,2197,7,58629,304
11570259,Thorfinnho.,1656,95,814879,128
11570339,teo51,0,1,106,1161
11570369,skovski,3164,0,0,1490
11570414,Nisseeeeeeeee,1656,130,1296039,73
11570430,GreenMarley,0,0,0,1491
11570607,cicada,3164,12,91806,272
11570705,13kding,2197,50,437836,180
11570856,Kai+Chisaki,1656,7,63333,293
11571130,Ghavin+Gathan,0,1,119,1148
11571433,vaksu,477,1,5215,483
11571621,Jimmie97,0,1,4877,488
11571712,liff,0,1,1063,666
11571740,simonstraktor,2991,3,11533,420
11571776,HarleyQuinn,1485,62,607925,150
11572031,FeLiX098,3236,7,38037,332
11572119,idontfight,0,1,26,1312
11572135,OM616killer,2991,1,3006,538
11572211,Argonauts.61,2197,28,143539,250
11572346,lordofrave,0,1,26,1313
11572347,Guest572347,0,1,1061,667
11572357,pauletare12345,2933,1,109,1159
11572407,Cedinza,2199,1,319,945
11572429,Daniel+F,2762,3,8982,443
11572482,Nomad2,2773,0,0,1492
11572723,Hands,27,1,741,729
11572829,vitoon,2984,32,144357,249
11572901,Frederik,2607,1,110,1156
11572929,amcendar,3183,65,565524,156
11573026,Zibi,0,1,2244,575
11573152,Poachercamel,2391,1,1931,600
11573191,Hikki.Math,17,1,491,824
11573192,Thelvarr,0,0,0,1493
11573319,webinc,2843,1,218,1035
11573382,Outlandish,3236,11,82251,279
11573441,Tobynmoca,0,1,2761,551
11573455,Iven,477,1,1714,610
11573477,Arjunveer,58,1,601,774
11573494,vitoon2,2984,1,95,1169
11573618,BlaKy,1642,1,3372,522
11573770,marsman,2652,0,0,1494
11573865,justsec,2998,6,36435,334
11573872,navixator,0,0,0,1495
11573927,Think+Twice.,452,186,1760801,41
11574042,unkatus,0,1,328,930
11574091,Wsxmlp,3347,1,57,1207
11574155,TheComander,3236,25,167998,239
11574189,Edcgy,2984,1,191,1063
11574196,Phan,0,6,30477,346
11574201,donotdestroyme,477,1,2187,579
11574210,Rfvhu,2984,11,32615,341
11574266,MasterAB,0,1,26,1314
11574304,drois,593,5,35650,335
11574362,Lord+Firfox,1332,1,4889,487
11574409,Tgbji,3347,1,110,1157
11574622,Yhnko,2984,1,296,961
11574645,CrazyLegs,168,1,9468,438
11574715,Qazdr,2984,1,129,1138
11574743,mtasa781,1485,38,295030,201
11574964,Zdrfv,3347,1,103,1163
11574996,Steal,3183,70,548937,159
11575001,marcusy,1733,3,6478,469
11575192,Xftgb,2984,1,488,827
11575276,Stryker017,2769,22,176469,237
11575331,Asylum,0,1,26,1315
11575343,Cgyhn,2349,1,176,1091
11575375,Daran+Chan,971,19,99986,269
11575386,shura145,0,0,0,1496
11575394,graham8124,35,0,0,1497
11575485,Empee3,1733,10,57815,305
11575486,littlekidlover,1733,23,93161,271
11575557,Hilmar,2762,1,10019,430
11575619,Vhujm,2349,1,266,989
11575667,ballchanon,2762,0,0,1498
11575679,gokudo,2532,1,3092,535
11575743,LadyQueen,1642,1,258,998
11575779,neuromyofascioskeletal,2843,1,254,999
11576041,ados128,1485,16,147466,247
11576341,SirBiscuits69,1962,0,0,1499
11576459,hondared,1733,28,125128,257
11576585,kart80,652,35,267610,208
11576591,pingis1,0,1,2043,592
11576664,Siren69,477,7,21267,378
11577402,Mattis95,0,3,15779,399
11577500,Henry+Chinaski,2197,31,202266,227
11578044,Toolo98,0,1,848,700
11578588,JbfromSC,0,1,26,1316
11579057,FloralChipmunk,3020,1,459,842
11579752,BNorway,1642,1,354,911
11579883,DM4chebs,238,1,4927,486
11580006,ReguLate,13,1,2682,553
11580435,Deathcorefan94,2762,1,58,1206
11580546,Lipa,971,2,6664,467
11581259,DannyJay,3075,6,13529,409
11581406,redoak,58,1,1190,645
11581532,Esthar+C,0,0,0,1500
11582177,an.da90,2846,0,0,1501
11582311,smashem,1625,1,176,1092
11582378,TRNigeL,3236,20,136842,252
11582648,joethompson,0,1,271,981
11582897,L00L,3360,1,26,1317
11583476,deusjurist,103,0,0,1502
11583789,Black+Chaos,2955,0,0,1503
11583949,Buzimljan,2854,1,444,852
11584283,killersodur,3338,0,0,1504
11584375,sebatrdin,1642,3,5548,479
11584509,Nathan.see,2775,1,3996,504
11585670,siming,0,1,261,996
11585781,rhdnjscnszz,3164,7,58885,302
11586088,Splashh,0,1,26,1318
11586177,ADii+Santos,35,1,2345,570
11586893,jmb272,0,1,345,917
11587021,kerry,0,0,0,1505
11587150,Hang+Jaya,3322,1,26,1319
11587260,Beecklord,0,1,26,1320
11587413,epiczigax1,81,1,26,1321
11588044,c0r0navirus,58,1,2065,589
11588104,lhypz11,103,1,3085,536
11588143,dpoh89,0,1,671,750
11588332,Bjiuhv,3347,1,60,1204
11588485,Nkoijb,2984,5,11182,422
11588522,Ujmmju,2984,1,147,1123
11588836,kanuga,1733,8,44372,325
11589114,Psyduk57,0,1,26,1322
11589290,Ikooki,2984,8,15017,401
11589311,kingtal1123,0,1,102,1165
11589456,villanelle,2998,13,102753,267
11589719,neilbrynt,17,1,4172,499
11589753,Olpplo,2984,1,102,1166
11590200,2020,0,1,203,1053
11590538,Pasha,13,1,884,692
11590545,Packman1980,3144,1,317,944
11591567,Awsx,2984,1,106,1162
11592066,deanith,3146,1,70,1196
11592122,Jellyfishands,2197,8,44326,326
11592213,FirstAvenger,0,7,51072,313
11592376,vojnaplemen,3064,1,226,1022
11592399,Muraly,0,1,1150,652
11593052,Clone+wars,58,1,821,707
11593260,holloway,971,15,79327,284
11593346,Darkforest2,0,1,26,1323
11593476,Zederikus,0,1,26,1324
11593485,Ahilus65,2664,1,717,734
11593779,kupeli,2532,1,2432,566
11593837,veksss,0,1,26,1325
11594169,timur+bozok,0,1,26,1326
11594257,Moneyteam,3220,9,42266,329
11594408,Jhon,2664,1,788,713
11594803,Periculosus,3374,1,73,1192
11594927,05KEMPY05,0,1,254,1000
11595043,tyvek,0,1,26,1327
11595320,Bojack,0,1,26,1328
11595502,grayhawk,2672,1,934,685
11595728,4bb4d0n,3375,1,1350,633
11595949,Lilleauren12g,2664,1,146,1125
11596184,karollels,3256,7,34653,337
11596256,Karged,0,1,26,1329
11597059,Conman180,3249,1,341,920
11597785,Fritz+X,3232,1,470,835
11597925,littlerocket6,0,0,0,1506
11598026,Luki,0,1,2722,552
11598200,Reaper+Drek,3150,1,69,1198
11598248,bhalgalix,1642,1,355,910
11598623,bigrocket13,3146,1,2622,556
11598722,GoZun0319,3236,14,81613,281
11598925,merqvast,0,1,180,1084
11599128,arindam,68,6,21072,379
11599494,yuyu,0,1,1154,651
11599852,ZUNA33,3375,1,181,1079
11600220,stevenlongsc,3219,1,554,795
11600717,emmahall,0,1,163,1113
11601072,kencur,1773,1,2157,582
11601139,olli93,0,1,94,1170
11601165,episteme28,3297,1,275,980
11601181,Gilestel,1656,30,226841,221
11601632,Mikey530,0,1,1638,615
11601804,BDCoots,13,1,2033,591
11602122,TintiriMintiri,652,1,9411,439
11602143,freaksho,68,1,2026,596
11602550,maraness08,0,9,47729,318
11602559,Sun+Dunlo,825,0,0,1507
11602703,Pirate23,3186,1,556,792
11602828,Gundrilla95,0,0,0,1508
11602905,BaronVonToastie,3218,1,805,710
11603058,markn999,0,1,159,1116
11603540,Faosaninsan,0,1,1579,620
11603668,ViseGrip,3280,1,654,756
11603818,Lazy.,0,1,26,1330
11604229,zanvidic,971,1,1885,602
848858078,vilieemil12,2773,0,0,1509
848882576,KIRBY,3165,0,0,1510
848883050,downfall73,0,1,430,860
848883362,JonasJones,521,1,270,983
848883412,Onim,27,1,3658,514
848883785,Mr+Lahey,0,1,505,814
848883902,jvdb,1733,3,8994,442
848883909,LoQuay,0,1,123,1144
848884260,sjora,0,1,470,836
848884336,F0xBr34d,3247,0,0,1511
848884558,allerius,3357,1,382,890
848885067,qwesas,971,1,477,831
848885558,Willio,58,1,184,1073
848885634,skorpios.gr,0,1,26,1331
848885746,drcarlos,2843,0,0,1512
848885846,lola19,0,1,80,1181
848885909,Iron+Heart,0,0,0,1513
848885923,jonnernsover,13,0,0,1514
848886041,aliusak92,971,1,1879,604
848886112,Kangkongkernits,3256,5,28079,350
848886158,MisterDave,0,1,135,1135
848886185,Gilingwesi,3327,1,175,1093
848886212,MeltheGreat,103,1,244,1011
848886272,kent9832,3364,1,300,955
848886303,Apel,81,1,172,1098
848886430,dakola,0,1,26,1332
848886861,Corenda,3327,1,180,1085
848886886,Ambyar,3327,1,180,1086
848886984,lexihood,3165,1,710,736
848887248,Ser+Nicolas,3075,4,12964,414
848887416,KAIDO+D.+Beast,13,1,86,1176
848887735,spellozi,0,1,386,888
848887783,King+SillyGoose,1444,1,162,1114
848887984,ExotiskaFrukten,0,1,26,1333
848888067,GoatsAndGlory,27,1,940,683
848888205,Andecay,3164,1,2019,593
848888389,RegentCorpse,3164,1,1145,653
848888410,kirilcroq,2664,1,297,958
848888465,The-ReapeR,3357,1,367,904
848888470,alaskaki,35,1,2568,562
848888648,Skitzo,3357,1,366,905
848888660,andy44d,0,1,768,722
848888788,world8vet,0,1,605,770
848889136,Aerah95,0,1,247,1007
848889185,Elefanka,3304,1,171,1102
848889226,MrBristow,0,0,0,1515
848889281,afreese1023,0,1,144,1127
848889913,Allice,3327,1,180,1087
848890069,Nexialist,2672,1,441,855
848890127,Jeffrey+Dead,0,1,422,865
848890141,Onesimus,3327,1,181,1080
848890315,Hellion,13,1,2058,590
848890448,Ingameagain,2102,1,556,793
848890451,kemptner1234,0,1,243,1013
848890495,Nordic+Union,3356,1,183,1074
848890634,lostchild,3327,1,180,1088
848890647,senglove1,258,1,1129,655
848890832,Christopher692,0,1,26,1334
848891035,sasog773,0,1,26,1335
848891257,acruxhooked,825,1,309,949
848891270,gkdrkgkdrk,3319,1,2974,542
848891348,l3luemage,0,1,84,1180
848891507,doghoney,0,1,2524,564
848891581,ChuvaChooChoo,35,1,840,702
848891608,zavras,3331,1,183,1075
848891730,ghostcotyeo,0,1,136,1132
848891795,keldog1,0,1,207,1043
848891945,enxiun,521,1,1027,671
848892159,Munna,0,1,504,815
848892163,kolce,2854,1,432,858
848892655,Vaguinha,0,1,476,833
848892673,Wetwipe,0,1,270,984
848892675,l3anemage,0,1,2356,569
848892695,Noofy,3326,1,403,879
848892704,gane11,0,1,112,1153
848892831,jmurko,3064,1,279,977
848892935,Berkie,3342,1,1648,614
848893040,pantjoer,3327,1,266,990
848893121,tuckerbateman,0,1,90,1172
848893137,Twinscream,0,1,73,1193
848893166,Wally89,3329,1,478,829
848893182,Sam+Poo+Kong,3332,1,167,1108
848893203,Homer,3327,1,204,1050
848893229,SCARDOG,0,1,26,1336
848893298,Lund+insan,0,1,70,1197
848893315,Acnapyx,0,1,66,1200
848893341,kilimanjaru,0,1,26,1337
848893390,Sosa2Buzy,35,1,427,862
848893426,svetsmrt91,0,1,88,1175
848893524,MullMeck,0,1,26,1338
848893652,harlyncaminero,0,1,129,1139
848893725,lepi+dasa,0,1,32,1220
848893834,Sinews,0,1,224,1026
848893880,Mythical-Phoenix,3345,1,233,1021
848893927,Pikobelo1,2664,1,170,1105
848893966,Nascimen7o,2672,1,220,1034
848894075,TatsuyaRyuki,0,1,26,1339
848894103,Ralphinyange,0,1,26,1340
848894118,pkanuwat,0,1,76,1185
848894203,Layne,13,1,756,725
848894285,Molco,0,1,172,1099
848894300,II+CcC+II,0,1,26,1341
848894338,hitijevic,27,1,280,976
848894464,ViscaElBarca,0,1,41,1215
848894541,Fake+Account,0,1,26,1342
848894571,darkangel143,0,1,73,1194
848894641,atxsu,0,1,26,1343
848894743,canufacik,0,1,26,1344
848894835,Trijbelwars,0,1,26,1345
848894854,rubenhg,0,1,26,1346
848894953,Perseus97,3354,1,66,1201
848894955,DAEMONLOVES,0,1,32,1221
848894962,Malindamepepeoni,1733,1,336,923
848895034,wiwigs,0,1,53,1212
848895045,Heruvimul,0,1,776,720
848895179,Arslan48,0,1,33,1216
848895433,The+Blade18,0,1,26,1347
848895808,Fariz,0,1,26,1348
848895812,tjavoon,0,1,26,1349
848895859,service,2854,1,289,971
848895870,und0ck3d,3366,1,271,982
848895876,DaniRodzialB,0,1,26,1350
848895900,kostakis,0,1,26,1351
848895935,Gcoy,0,1,26,1352
848896159,truhouse,0,1,224,1027
848896202,Gill1905,0,1,75,1187
848896248,BPC+Lads,3376,1,239,1015
848896335,-YaK-,0,1,26,1353
848896400,kennykenken,0,1,190,1065
848896492,masterbrave,0,1,32,1222
848896522,Cesus,0,1,86,1177
848896571,BramGunst,0,1,26,1354
848896599,benjaminhsu612,0,1,26,1355
848896608,OneEyedKing,0,1,32,1223
848896629,Ishaken,0,1,50,1213
848896639,Free2Play,0,1,215,1036
848896643,RussianMafia,13,1,188,1067
