92,13,78222
163,15,6313
56,17,286435
147,23,13583
5,25,90280352
80,27,104437
14,28,23167883
158,34,7421
90,35,80238
9,53,36498026
130,58,23694
71,68,153767
129,69,24613
120,77,37503
51,79,343363
54,81,314836
8,97,48713699
211,99,93
55,103,303572
138,131,16477
165,139,5617
157,144,7665
17,168,18555443
161,185,6463
166,208,5551
100,228,65257
31,237,1025764
29,238,1122077
65,258,190994
32,277,974800
136,311,19805
28,320,1426924
57,324,264476
62,342,225009
192,346,739
112,426,45249
144,447,14231
115,449,43805
6,452,62500627
38,477,637754
213,503,69
145,509,14076
99,521,65590
139,541,16289
91,561,78849
122,589,35756
48,593,400028
176,604,3290
4,613,99189308
7,622,55685507
1,641,124936167
18,652,18526974
98,689,67342
132,693,21863
167,780,4907
20,798,9917506
154,809,8402
114,825,44177
203,829,196
109,864,48124
2,866,113596394
64,874,204480
30,894,1071356
25,895,1887845
77,899,116626
82,929,102749
47,937,433024
36,971,703499
128,999,25478
150,1021,11712
81,1049,103917
70,1059,154256
178,1128,2932
67,1174,171243
44,1254,469077
116,1320,42737
21,1332,5713469
101,1335,62568
108,1344,49370
3,1349,106876004
69,1425,165297
42,1444,522716
133,1449,20056
11,1485,24932955
93,1494,77672
43,1503,475169
49,1521,387532
106,1540,53044
121,1558,37041
175,1563,3448
58,1625,262065
53,1642,332236
88,1652,85077
10,1656,29939537
127,1673,26678
94,1696,74732
83,1732,101938
34,1733,857016
24,1773,2621255
79,1791,111111
76,1812,117313
143,1827,14801
156,1901,7780
15,1904,23034607
97,1913,68245
63,1945,220897
131,1947,22193
16,1952,18761965
68,1962,166952
205,1986,180
218,2021,27
126,2102,27476
140,2116,15222
75,2128,124127
155,2151,8259
148,2163,12868
19,2197,11006512
50,2199,382130
118,2217,42339
173,2252,3644
105,2282,55422
219,2331,5
217,2345,35
117,2349,42546
170,2380,4153
95,2385,73320
174,2518,3574
125,2532,28011
66,2556,181750
26,2607,1851570
40,2620,544359
153,2629,9081
89,2652,82853
179,2664,2788
85,2667,94391
104,2669,56651
87,2672,86841
123,2714,31801
35,2734,730606
45,2736,459119
73,2751,137364
78,2762,114257
39,2769,557658
110,2773,47280
27,2775,1813786
162,2797,6358
191,2827,1024
84,2837,101686
152,2841,10795
52,2843,336615
103,2846,58884
113,2851,45165
60,2880,247379
107,2920,50748
202,2930,247
59,2933,252815
142,2947,14943
177,2955,2987
200,2964,288
171,2977,4094
146,2984,13590
201,2991,270
23,2998,2800198
196,3015,500
102,3020,62452
195,3064,529
111,3075,46153
169,3076,4415
188,3107,1291
168,3111,4716
13,3131,23844546
186,3134,1474
141,3144,15214
135,3146,19929
46,3149,447321
124,3150,29267
22,3164,4592473
134,3171,19996
12,3183,24035685
197,3186,428
86,3190,89537
160,3192,6959
159,3206,7392
184,3213,1518
187,3216,1422
180,3217,2538
199,3219,327
41,3220,531033
37,3236,677399
182,3239,1722
194,3247,657
209,3249,110
72,3254,153510
74,3256,129855
164,3257,5984
119,3260,39146
172,3268,3656
204,3270,194
185,3281,1500
149,3285,11741
183,3291,1562
181,3294,1748
215,3297,43
193,3298,688
198,3304,332
207,3315,167
151,3319,10880
190,3321,1096
206,3326,171
96,3328,68514
210,3331,108
33,3340,930682
189,3353,1243
137,3355,17552
208,3358,130
216,3359,36
214,3361,54
212,3370,90
61,3373,226202
