112,13,454151
199,15,27397
23,17,7397443
69,23,1252994
15,25,18065354
37,27,3689746
45,28,2750283
144,34,212899
56,35,1820243
33,53,4534771
115,58,431120
61,68,1504960
80,69,1032714
79,77,1051516
111,79,474645
22,81,7604572
224,92,2717
4,97,113239765
120,99,410035
100,103,625716
138,131,266753
169,139,121427
184,144,56990
10,168,41230264
84,185,948514
164,208,147790
95,228,746496
26,237,6513473
30,238,4804688
31,258,4694306
42,277,2904758
210,311,12574
32,320,4676356
52,324,2015918
85,342,930728
185,346,53935
77,426,1087203
159,447,164534
116,449,427674
5,452,71258161
234,474,624
20,477,9968370
205,503,19102
128,509,315449
179,521,68880
182,522,60097
122,541,403028
27,561,5812903
81,589,1007612
65,593,1444611
94,604,753429
2,613,327128903
3,622,138617587
6,641,66059713
9,652,52668068
230,672,984
74,689,1198539
156,693,181867
151,780,195897
28,798,5034525
63,809,1488450
117,825,417370
218,829,8195
233,847,759
183,858,58762
73,864,1204696
1,866,336414535
55,874,1913507
152,894,193001
41,895,2934414
107,899,552614
24,929,7286629
29,937,4900263
51,971,2170843
119,999,412760
114,1021,432368
131,1049,292207
90,1059,849283
154,1128,182613
236,1145,479
98,1174,703535
57,1254,1723848
66,1320,1401102
12,1332,28166411
129,1335,310744
102,1344,597594
11,1349,30710743
139,1425,266351
43,1444,2890618
87,1449,886017
150,1466,196463
16,1485,17358761
123,1494,368239
147,1503,205315
49,1521,2426464
64,1540,1484584
103,1558,596211
208,1563,16672
68,1625,1275126
58,1642,1701820
34,1652,4511068
21,1656,7811636
88,1673,855188
134,1696,274787
121,1732,404049
60,1733,1505899
36,1773,4026430
70,1791,1247271
39,1812,3383705
163,1817,152245
104,1827,570845
201,1893,26488
177,1901,82661
18,1904,10289006
78,1913,1085953
59,1945,1556522
133,1947,279308
76,1952,1166669
53,1962,2014152
175,1986,90143
217,1995,8324
165,2021,145751
106,2102,562758
161,2116,160201
126,2128,333938
40,2151,3172748
136,2163,268658
193,2188,39212
7,2197,64140037
25,2199,6882897
155,2217,182571
189,2220,47082
149,2252,198920
109,2282,523680
186,2331,51609
188,2345,47571
82,2349,994457
191,2380,41404
162,2385,153862
211,2391,12105
141,2421,226434
124,2518,358224
160,2532,162008
72,2556,1212138
14,2607,21338200
38,2620,3600678
146,2629,207018
118,2652,413807
176,2664,84293
92,2667,827225
54,2669,1979333
99,2672,674929
125,2714,347220
50,2734,2297270
157,2736,181244
89,2751,854513
153,2760,184094
46,2762,2574734
91,2769,839042
105,2773,568638
17,2775,11220959
219,2797,7483
137,2822,268480
221,2827,4317
145,2837,211039
110,2841,517535
35,2843,4320112
96,2846,735317
93,2851,784184
222,2854,4279
86,2880,900037
206,2897,16979
247,2920,54
192,2930,39655
47,2933,2554021
75,2947,1174691
190,2955,42664
172,2964,107963
168,2977,134410
83,2984,972988
148,2991,202248
62,2998,1490297
178,3015,73890
97,3020,719805
171,3064,108383
170,3075,120757
198,3076,29329
135,3107,274719
71,3111,1244650
216,3119,8487
8,3131,57131497
140,3134,259038
130,3144,295022
167,3146,142609
44,3149,2889377
113,3150,446398
235,3156,563
67,3164,1326036
200,3165,26619
174,3171,97835
19,3183,10163416
180,3186,60644
195,3190,36038
143,3192,218285
196,3201,35199
240,3206,260
226,3207,2534
232,3213,866
108,3216,539901
228,3217,1451
237,3218,423
203,3219,20901
48,3220,2529436
204,3232,19957
246,3233,79
181,3236,60539
127,3239,328583
213,3247,10114
238,3249,326
223,3254,3184
101,3256,623109
173,3257,104732
194,3260,38660
212,3267,11043
202,3268,25204
229,3270,1302
220,3277,7460
249,3280,30
207,3281,16850
244,3287,148
166,3291,144665
227,3293,1619
241,3294,191
250,3295,20
214,3297,9035
215,3303,8852
158,3315,176519
209,3321,15441
252,3322,7
225,3328,2642
239,3331,290
187,3338,51321
13,3340,26896449
242,3345,173
142,3347,223245
251,3353,10
243,3355,159
231,3357,916
245,3360,138
197,3361,32044
248,3372,36
132,3373,283682
