115,13,532373
201,15,33710
27,17,7683878
73,23,1266577
8,25,108345706
44,27,3794183
20,28,25918166
151,34,220320
62,35,1900481
14,53,41032797
124,58,454814
65,68,1658727
84,69,1057327
83,77,1089019
97,79,818008
26,81,7919408
231,92,2717
5,97,161953464
130,99,410128
91,103,929288
141,131,283230
173,139,127044
185,144,64655
12,168,59785707
90,185,954977
167,208,153341
98,228,811753
28,237,7539237
33,238,5926765
37,258,4885300
43,277,3879558
202,311,32379
32,320,6103280
56,324,2280394
79,342,1155737
189,346,54674
82,426,1132452
161,447,178765
121,449,471479
7,452,133758788
242,474,624
25,477,10606124
210,503,19171
137,509,329525
172,521,134470
187,522,60097
129,541,419317
35,561,5891752
85,589,1043368
63,593,1844639
102,604,756719
2,613,426318211
3,622,194303094
4,641,190995880
11,652,71195042
238,672,984
74,689,1265881
153,693,203730
156,780,200804
23,798,14952031
68,809,1496852
122,825,461547
224,829,8391
240,847,759
188,858,58762
76,864,1252820
1,866,450010929
59,874,2117987
75,894,1264357
38,895,4822259
106,899,669240
29,929,7389378
36,937,5333287
51,971,2874342
127,999,438238
126,1021,444080
131,1049,396124
87,1059,1003539
159,1128,185545
244,1145,479
95,1174,874778
57,1254,2192925
69,1320,1443839
17,1332,33879880
133,1335,373312
107,1344,646964
6,1349,137586747
128,1425,431648
46,1444,3413334
93,1449,906073
157,1466,196463
13,1485,42291716
125,1494,445911
105,1503,680484
52,1521,2813996
66,1540,1537628
109,1558,633252
208,1563,20120
67,1625,1537191
61,1642,2034056
40,1652,4596145
15,1656,37751173
94,1673,881866
135,1696,349519
118,1732,505987
55,1733,2362915
31,1773,6647685
72,1791,1358382
45,1812,3501018
168,1817,152245
112,1827,585646
206,1893,26488
179,1901,90441
18,1904,33323613
80,1913,1154198
64,1945,1777419
140,1947,301501
22,1952,19928634
58,1962,2181104
180,1986,90323
225,1995,8324
170,2021,145778
111,2102,590234
163,2116,175423
123,2128,458065
48,2151,3181007
142,2163,281526
198,2188,39212
10,2197,75146549
30,2199,7265027
149,2217,224910
194,2220,47082
154,2252,202564
113,2282,579102
190,2331,51614
193,2345,47606
86,2349,1037003
196,2380,45557
146,2385,227182
216,2391,12105
147,2421,226434
134,2518,361798
158,2532,190019
71,2556,1393888
21,2607,23189770
42,2620,4145037
152,2629,216099
119,2652,496660
181,2664,87081
92,2667,921616
60,2669,2035984
101,2672,761770
132,2714,379021
50,2734,3027876
108,2736,640363
88,2751,991877
160,2760,184094
54,2762,2688991
70,2769,1396700
110,2773,615918
24,2775,13034745
215,2797,13841
144,2822,268480
228,2827,5341
138,2837,312725
116,2841,528330
39,2843,4656727
99,2846,794201
96,2851,829349
229,2854,4279
81,2880,1147416
213,2897,16979
192,2920,50802
197,2930,39902
53,2933,2806836
78,2947,1189634
195,2955,45651
178,2964,108251
171,2977,138504
89,2984,986578
155,2991,202518
41,2998,4290495
183,3015,74390
100,3020,782257
177,3064,108912
164,3075,166910
200,3076,33744
143,3107,276010
77,3111,1249366
223,3119,8487
9,3131,80976043
145,3134,260512
139,3144,310236
165,3146,162538
47,3149,3336698
120,3150,475665
243,3156,563
34,3164,5918509
205,3165,26619
175,3171,117831
16,3183,34199101
186,3186,61072
174,3190,125575
148,3192,225244
199,3201,35199
226,3206,7652
232,3207,2534
233,3213,2384
114,3216,541323
230,3217,3989
246,3218,423
207,3219,21228
49,3220,3060469
209,3232,19957
255,3233,79
104,3236,737938
136,3239,330305
220,3247,10771
245,3249,436
166,3254,156694
103,3256,752964
176,3257,110716
182,3260,77806
218,3267,11043
204,3268,28860
236,3270,1496
227,3277,7460
258,3280,30
211,3281,18350
217,3285,11741
251,3287,148
169,3291,146227
235,3293,1619
234,3294,1939
259,3295,20
221,3297,9078
241,3298,688
222,3303,8852
248,3304,332
162,3315,176686
219,3319,10880
214,3321,16537
260,3322,7
250,3326,171
184,3328,71156
247,3331,398
191,3338,51321
19,3340,27827131
249,3345,173
150,3347,223245
237,3353,1253
212,3355,17711
239,3357,916
253,3358,130
257,3359,36
252,3360,138
203,3361,32098
254,3370,90
256,3372,36
117,3373,509884
