1,10005004,710630
2,1287810,698266
3,11047263,656595
4,9431338,644322
5,10962960,638189
6,11536731,627998
7,11458581,624822
8,11330092,620026
9,11482116,572777
10,11565197,571455
11,10183429,551063
12,11602487,543005
13,3397944,541204
14,9775625,534870
15,11599261,506015
16,11321306,503427
17,10168478,499143
18,11602174,496985
19,9990497,488001
20,7777380,486999
21,10736988,486005
22,9738245,482593
23,11515281,480393
24,11457459,473997
25,11595112,467360
26,10621422,465975
27,10209148,465951
28,10981925,459876
29,199197,447942
30,11602065,442343
31,403579,442100
32,11206847,440308
33,2837558,434564
34,11160441,418109
35,3969476,399540
36,11457411,398439
37,11381312,390188
38,11587125,375838
39,11592505,373175
40,10736374,372336
41,10468772,369476
42,11492846,368180
43,11311321,365214
44,11562298,361857
45,3868802,355404
46,11457968,355270
47,11596171,345375
48,11582544,344287
49,3388150,342043
50,11457563,340447
51,11590545,338877
52,8910960,338802
53,11406423,335199
54,11375929,331351
55,2624751,329982
56,11495131,329411
57,11363503,328339
58,9828389,327390
59,11437657,322996
60,10826445,322875
61,11584878,322066
62,11407751,321898
63,2984176,318871
64,11595251,317301
65,11598897,316853
66,11588044,299668
67,11490830,295883
68,9007361,292980
69,1682662,285541
70,10025620,281786
71,218809,278437
72,11584630,277629
73,11552360,277355
74,10672808,276070
75,11095550,275595
76,9796548,275404
77,11602547,274437
78,11103653,273800
79,3685160,273105
80,11577783,272638
81,11457613,272496
82,11534880,270754
83,2665015,270046
84,11446111,269672
85,11293629,269530
86,9946792,268897
87,11601072,267280
88,11451131,266803
89,10678541,265749
90,9488054,264655
91,848883354,264385
92,11602000,263715
93,11549374,262847
94,7907910,261593
95,9736865,260997
96,9615122,260613
97,11349303,260373
98,11591398,259037
99,10950521,258774
100,11199046,258302
101,10662189,257349
102,9588637,256853
103,11555491,255754
104,9209406,255389
105,11525538,255305
106,10184180,254303
107,11408154,253544
108,11592434,253380
109,9257244,253102
110,11531407,251563
111,11084197,250057
112,11461071,248649
113,11561059,248612
114,10669727,246835
115,11401704,245326
116,11434570,243562
117,11520529,240299
118,11577472,239275
119,1947408,237202
120,10133827,236434
121,3937675,235928
122,11352928,235409
123,8434557,234319
124,10290404,234128
125,7887425,233653
126,11338352,232691
127,11594339,231872
128,9789362,231679
129,11129135,231434
130,11563477,230922
131,11579149,230301
132,11379883,228720
133,11602111,225135
134,1016325,224650
135,9736889,224516
136,10729602,224394
137,11602393,223526
138,2327672,221543
139,11409561,221371
140,11480069,220890
141,587399,220663
142,11594653,218443
143,11601872,214517
144,10804954,212952
145,11562341,211946
146,2769324,211576
147,11531081,210521
148,9778158,209984
149,11556770,209596
150,11464612,208856
151,1370233,208061
152,10076371,207561
153,11601653,207172
154,10318405,205994
155,11599312,205648
156,10495958,205099
157,10516442,204765
158,11118810,204371
159,9753864,202972
160,11571429,201195
161,11599133,200533
162,4648719,198285
163,8912117,197381
164,9583598,196994
165,10921629,196442
166,10022424,196214
167,10095756,195919
168,9910323,193472
169,11594658,192089
170,11602285,191779
171,10965721,191047
172,11240740,190031
173,11380098,189996
174,11592381,189963
175,11602208,189246
176,11069917,188428
177,11352131,188174
178,11205352,188151
179,11354752,188021
180,11587120,187366
181,4490003,186551
182,11544291,186144
183,9458758,186110
184,9220498,186107
185,11524051,185694
186,11601386,184892
187,2356576,184552
188,2910946,183467
189,4443559,182679
190,10073475,182226
191,11585602,181995
192,848884592,181930
193,11601165,181137
194,1028510,180877
195,3809956,180312
196,9907526,180246
197,484593,179828
198,11600485,179288
199,3626375,178842
200,11566334,177160
201,11273253,176371
202,11530799,175941
203,11345242,174953
204,2712859,174764
205,10009020,174712
206,11601448,174326
207,4059907,174135
208,11513813,173992
209,11345628,172718
210,11501109,172494
211,4423232,172479
212,11114989,172187
213,11456972,171614
214,848888441,170390
215,11595563,169084
216,11462372,168655
217,9880772,167737
218,848885243,167721
219,2700839,166576
220,11438689,166263
221,11602137,165606
222,4062502,164391
223,11191996,164014
224,10184319,163632
225,11522800,162714
226,11361621,162643
227,11575018,162431
228,848883002,161375
229,11591479,161271
230,11406072,161155
231,11048656,160694
232,8663824,160690
233,4809574,160119
234,11530161,159969
235,11092647,159789
236,11342226,159741
237,9600311,158715
238,11511116,158464
239,10651179,157564
240,11503691,157489
241,11581026,156962
242,11601558,156274
243,2356217,155870
244,10948206,155458
245,11125197,154869
246,10852759,153920
247,4512097,153719
248,9557761,153611
249,9866869,152693
250,11332326,152367
251,11441857,151573
252,9532274,151205
253,11382564,151028
254,11602652,150103
255,9168949,150080
256,11589875,149873
257,4535491,149005
258,11249888,148601
259,9519474,148353
260,11556129,148071
261,11502077,147530
262,2654555,146989
263,11597535,146758
264,8226488,146585
265,11362346,145792
266,11602522,145756
267,11444940,144970
268,9989205,144707
269,11345024,143866
270,11578917,143363
271,9938389,142753
272,11550398,142311
273,11601781,142049
274,4574241,141951
275,848883050,141289
276,11522352,141013
277,3167251,140709
278,11364210,140597
279,10154565,140531
280,11293069,140098
281,11588143,139509
282,9618074,139268
283,11457757,139258
284,11594910,138675
285,11568376,138406
286,11588919,137719
287,10738812,137690
288,11456136,136557
289,2223359,136258
290,11584358,135932
291,11588712,135752
292,11491567,135738
293,7637651,135545
294,9941261,135032
295,11580804,134976
296,11407089,134578
297,11587153,134119
298,4287646,133969
299,9270667,133882
300,9745510,133506
301,11603110,132818
302,11193473,132782
303,9687703,132550
304,9778638,132537
305,11399901,132504
306,3857160,131846
307,9677924,131654
308,11193990,131579
309,11382815,131294
310,11585108,131187
311,9069369,130811
312,11282248,130038
313,11015566,129631
314,164215,129062
315,848883909,129038
316,11406891,128580
317,2329684,128224
318,10274015,127124
319,9852038,126920
320,11588661,126673
321,3980654,125634
322,11566287,124935
323,8347311,124836
324,11537591,124687
325,3195341,123570
326,9797243,122477
327,11071449,122182
328,848889549,122093
329,8822630,122024
330,10931110,121577
331,11584509,121367
332,848883760,121128
333,1543676,121062
334,11375052,120092
335,11279908,119760
336,11457342,119459
337,11601804,119325
338,11603787,118936
339,11602872,118864
340,11604054,118699
341,579366,118035
342,10834918,116476
343,4152997,116243
344,11271843,116198
345,11456246,116159
346,11603074,115754
347,11540192,115662
348,11524547,114926
349,11555908,114374
350,11382676,114176
351,11600593,114172
352,11453644,114137
353,11474332,114044
354,11579083,113926
355,11458360,113636
356,11598348,113503
357,11559780,113458
358,11585338,112992
359,10913444,112570
360,9983610,112425
361,11583789,112410
362,11602418,112378
363,11297169,112133
364,11454597,112132
365,11591868,111931
366,10413457,111445
367,848885718,110607
368,10592211,110400
369,4131588,110321
370,559747,109959
371,2629845,109947
372,11573206,109544
373,561464,109525
374,11505709,109379
375,1790133,109074
376,11554669,108961
377,4388288,108961
378,11457467,108803
379,4599359,108582
380,11601928,108404
381,1331055,108066
382,11250122,108038
383,11407934,107951
384,8924501,107894
385,11505569,107871
386,11602075,107803
387,10233111,107286
388,10739500,106678
389,7605794,106521
390,11581159,106256
391,11526308,106038
392,10022873,106034
393,10194357,105567
394,11501839,105295
395,848882846,104952
396,848885597,104853
397,11245031,104037
398,11362052,103838
399,11574362,103701
400,11569640,103233
401,10055570,103123
402,11447086,103097
403,11407191,102847
404,9680506,101986
405,848891542,101924
406,11462520,101815
407,11251441,101681
408,11602171,101654
409,11595149,101547
410,11484399,101511
411,11551116,101359
412,11457445,101308
413,11504793,100980
414,11457653,100784
415,11239567,100694
416,11424186,99890
417,1011474,99793
418,848885670,99575
419,11596893,99284
420,11436476,98964
421,11418607,98673
422,11044048,97731
423,10801004,97080
424,11602064,96911
425,848884498,96776
426,9006076,96674
427,2489459,96466
428,10032450,95730
429,10744368,95566
430,11602313,95529
431,11603718,95271
432,7918793,95178
433,11592484,94939
434,10005470,94877
435,10263279,94322
436,9592810,94215
437,848885236,93909
438,848883473,93658
439,11585173,93453
440,11515897,93423
441,11603361,93097
442,11434781,92978
443,8522150,92506
444,848612,92075
445,11194635,91926
446,1832278,91682
447,11580243,91348
448,11556496,91263
449,11343034,91262
450,10383438,91225
451,11580685,90923
452,11587731,90654
453,11583268,89939
454,848883676,89870
455,10579806,89414
456,9284626,89290
457,848883368,89035
458,11593446,88899
459,11137279,88818
460,10327092,88555
461,10223699,88419
462,10175727,88307
463,11513458,88270
464,9977697,88176
465,11310266,88014
466,3920191,87948
467,11406450,87563
468,9669263,87470
469,7559841,87453
470,11577624,87332
471,11603657,87278
472,8269561,87209
473,2628825,87013
474,11591460,86117
475,11558442,86113
476,848884911,85853
477,9893733,85750
478,11452738,85525
479,10839640,85502
480,1967835,85238
481,11407078,85085
482,11586069,84458
483,9911769,84422
484,11597059,84362
485,848889216,84263
486,11378661,83682
487,11457194,83559
488,11328982,83510
489,9924662,83411
490,10514103,83271
491,11229734,83199
492,11559674,83159
493,9465095,83066
494,11344057,83033
495,11602258,82734
496,4000918,82519
497,10206377,82419
498,10085073,82350
499,11282378,81842
500,11473626,81468
501,9889053,81252
502,11581536,81220
503,11594068,81186
504,11586772,81086
505,11597518,80908
506,9105832,80888
507,9217879,80714
508,11105328,80665
509,848883494,80499
510,2270318,80242
511,10635927,79993
512,9663831,79947
513,11331840,79851
514,10375979,79214
515,9256418,79118
516,11477011,79033
517,7949654,78998
518,11594857,78560
519,11465771,78537
520,7858104,78282
521,285608,78182
522,3888918,78130
523,10812416,77865
524,11395035,77711
525,9638234,77597
526,11436973,77582
527,9391777,77505
528,9948366,77493
529,11571071,77344
530,4489076,77242
531,8903140,77032
532,9798909,77026
533,11593404,77000
534,11457019,76899
535,11457427,76490
536,11592485,76262
537,10443797,76071
538,10248527,75932
539,11111536,75471
540,11597326,75464
541,229111,75396
542,11598200,75232
543,848884707,75165
544,11575301,75071
545,11335777,74932
546,11390345,74892
547,848888390,74731
548,11196274,74445
549,11371577,74053
550,9770997,73809
551,11579844,73803
552,11598333,73781
553,11386155,73564
554,1804063,72948
555,848884700,72900
556,11592630,72445
557,8507206,72296
558,515889,72138
559,11480364,71983
560,10524980,71761
561,11558564,71731
562,11600499,71644
563,4170312,71559
564,8541312,71440
565,11602880,71339
566,11491976,71240
567,11586351,71012
568,10432991,71008
569,11603469,70524
570,11474085,70518
571,11583129,70485
572,11603139,70436
573,4402978,70243
574,10593665,70094
575,11592092,69574
576,11579281,69466
577,11578588,69148
578,11103487,68736
579,546743,68560
580,11589777,68408
581,11584401,68126
582,8500577,67981
583,11602905,67714
584,8263164,67452
585,11601066,67389
586,9803491,67358
587,11581218,67202
588,9937756,67160
589,11593398,66841
590,7808106,66799
591,9880791,66707
592,11566526,66687
593,2821540,66451
594,3625959,66447
595,11552136,66444
596,11406996,66218
597,848882638,66111
598,11594865,66008
599,10122429,65842
600,11479484,65641
601,9777702,65496
602,11055813,65387
603,11153842,65103
604,11553655,64908
605,11461064,64565
606,9924450,64487
607,10585320,64157
608,3598986,63735
609,11602149,63726
610,11593881,63604
611,3374204,63529
612,9083860,63167
613,11603353,62563
614,2095389,62558
615,11591306,62488
616,11155438,62410
617,8035764,62376
618,11388377,62202
619,11595022,62187
620,3610753,62136
621,8942820,61919
622,11484261,61568
623,10680760,61526
624,848886713,61507
625,11032605,61433
626,10694384,61322
627,11413996,61311
628,11557742,61168
629,11382098,60918
630,11539270,60910
631,9892686,60797
632,4523624,60788
633,848887416,60656
634,11586493,60429
635,11557903,60275
636,4782514,59994
637,11594347,59945
638,11531482,59726
639,10383075,59643
640,7802632,59551
641,1182056,59421
642,848887238,59356
643,11452139,59089
644,2838572,58926
645,3839159,58687
646,9906394,58668
647,862939,58619
648,2252656,58501
649,11203348,58435
650,10023222,58338
651,11475707,58214
652,11425437,58137
653,11382971,57872
654,11444686,57830
655,1266205,57485
656,11557320,57363
657,11580672,57145
658,11603987,57139
659,9463420,56786
660,11602143,56464
661,11580440,56461
662,11399612,56406
663,11450129,56307
664,11593240,55495
665,11601536,55455
666,1913596,55427
667,4477960,55405
668,11496519,55267
669,11559176,55235
670,11382496,55142
671,11468891,55138
672,1423290,55065
673,11099352,54987
674,11256217,54820
675,4108764,54689
676,10500431,54521
677,11346604,54350
678,11602113,54278
679,11580669,54228
680,11453032,54169
681,11382320,53895
682,9635840,53605
683,11406898,53576
684,848884734,53503
685,11591876,53475
686,8503116,53335
687,11516193,53208
688,11165325,53141
689,4531159,53065
690,3904041,53052
691,9940289,52928
692,11347975,52916
693,4271534,52744
694,4779696,52559
695,9759114,52368
696,11602670,52257
697,9585263,52130
698,9049524,51990
699,382298,51983
700,11601693,51770
701,9677713,51751
702,10230305,51602
703,848883580,51475
704,10151100,51379
705,848883520,51146
706,2143018,51125
707,11448827,51059
708,11513837,50991
709,11580674,50838
710,11574284,50830
711,11198873,50566
712,11559439,50564
713,10672540,50282
714,11597487,50278
715,848884073,50018
716,11522931,49731
717,10751514,49717
718,11156736,49692
719,11330286,49676
720,11602274,49532
721,11516732,49507
722,3967087,49505
723,11016313,49425
724,11590538,49401
725,11600289,49399
726,7682445,49354
727,11589628,49323
728,11528196,49300
729,7590201,49272
730,10599613,49266
731,848887685,48976
732,11446205,48751
733,9722313,48739
734,11548532,48576
735,11480974,48388
736,11593448,48377
737,11522946,48232
738,848886407,48215
739,848885366,48057
740,11555640,47619
741,10558362,47577
742,11602620,47486
743,2208551,47388
744,9826695,47258
745,11406946,47247
746,11457198,47214
747,9541963,47200
748,10545120,47165
749,11452025,47163
750,11583490,47131
751,848883430,47117
752,11555611,47100
753,11603465,47069
754,9986589,47032
755,848886564,46759
756,11444985,46609
757,2209911,46439
758,7600921,46325
759,11588546,46320
760,11389514,46192
761,11458062,46131
762,11593620,46024
763,9506015,46015
764,11578090,45948
765,584532,45875
766,11251150,45736
767,11386971,45661
768,11381913,45613
769,8487569,45566
770,10288443,45453
771,11474297,45440
772,11490013,45363
773,11510758,45113
774,11600882,44955
775,10671878,44719
776,11603122,44446
777,3265049,44328
778,11330440,44324
779,9210690,44257
780,10927288,44149
781,2039418,44062
782,11382104,43918
783,11598669,43804
784,3245174,43581
785,4836961,43382
786,9530228,43261
787,11323761,43258
788,11581755,42945
789,4447789,42910
790,11457650,42769
791,11578591,42689
792,11600315,42449
793,11582549,42427
794,4160578,42271
795,11510106,42202
796,9516297,42146
797,11598041,42129
798,848888079,42083
799,9378928,42070
800,10676970,41908
801,11154513,41718
802,7664376,41693
803,10278737,41638
804,4267557,41622
805,10337687,41596
806,11567543,41512
807,9614618,41487
808,9668339,41381
809,669261,41177
810,848887063,41130
811,11560245,41122
812,11594349,40971
813,4088576,40943
814,11415664,40766
815,11569729,40696
816,848884018,40001
817,8476200,39735
818,848887216,39678
819,848886467,39535
820,11173015,39518
821,10536575,39454
822,11602704,39355
823,9656817,39245
824,11485112,39150
825,10237688,38972
826,11532200,38910
827,11433544,38853
828,11250744,38824
829,11408288,38784
830,11484838,38759
831,9083374,38448
832,1160101,38394
833,1169731,38213
834,11194018,38140
835,11602200,37984
836,4153027,37951
837,11540552,37809
838,848888347,37808
839,7898920,37607
840,4707133,37441
841,10746676,37417
842,11096306,37377
843,11604221,37355
844,11414230,37259
845,11457926,36920
846,11179076,36893
847,10170273,36638
848,11529940,36593
849,9759917,36583
850,11422826,36555
851,8729485,36491
852,8178119,36376
853,10087115,36360
854,305511792,36309
855,848890150,36128
856,9951797,36086
857,11569013,36059
858,11602434,36005
859,11598256,35972
860,11562033,35941
861,848885802,35878
862,11586781,35649
863,11445613,35452
864,9793949,35430
865,297114,35263
866,10780030,35217
867,11378480,35111
868,11580161,35030
869,11475486,34937
870,11576854,34805
871,8614914,34730
872,11476944,34474
873,11601977,34372
874,10827033,34369
875,11546822,34298
876,848886779,34216
877,11585513,34204
878,9678757,34194
879,10143841,34095
880,1679007,33920
881,11433166,33838
882,11349647,33753
883,11358440,33673
884,11598725,33608
885,848888137,33582
886,848889127,33554
887,848890234,33517
888,10855748,33491
889,11524336,33459
890,7553500,33150
891,11486775,33100
892,9434285,32644
893,11358159,32612
894,11513707,32566
895,11569967,32537
896,9842326,32481
897,11497180,32466
898,11596748,32437
899,848886056,32425
900,11503416,32412
901,1484010,32404
902,11598015,32159
903,11578635,31862
904,11459236,31762
905,11292912,31730
906,8351032,31577
907,11576618,31571
908,11593760,31527
909,1082831,31401
910,11598862,31381
911,10156877,31364
912,2861935,31284
913,10670291,30989
914,11603674,30957
915,11595614,30748
916,11558882,30716
917,3339914,30565
918,7731431,30443
919,8637826,30359
920,9777359,30292
921,11407069,30252
922,11372736,30218
923,10054977,30183
924,8516786,30146
925,2278888,30130
926,11582469,30106
927,11588771,30105
928,10842148,30060
929,10427995,29965
930,3783278,29964
931,11601764,29868
932,3373372,29809
933,9786034,29796
934,11594803,29749
935,11471343,29612
936,8318841,29591
937,11597756,29523
938,11600801,29353
939,7874870,29242
940,10188822,29047
941,848883603,29025
942,11594069,28761
943,7697139,28733
944,11116070,28634
945,11602257,28562
946,4955023,28505
947,11595330,28283
948,9766519,28244
949,9728514,28216
950,11600078,28052
951,11411688,28033
952,11429877,27953
953,11571712,27827
954,9757181,27730
955,11567229,27714
956,11532441,27695
957,11407717,27629
958,11390363,27620
959,11603845,27526
960,143043,27506
961,11433440,27500
962,848884558,27482
963,11594526,27429
964,11598868,27142
965,11283128,27101
966,11379915,27046
967,11585343,27030
968,886338,27027
969,9597308,27016
970,8188928,26976
971,10034646,26930
972,8186898,26879
973,11510891,26781
974,9880742,26753
975,11584467,26739
976,11579987,26604
977,9816874,26594
978,11475375,26563
979,11578873,26515
980,11001403,26427
981,11601346,26351
982,11600968,26313
983,11417163,26280
984,2493691,26275
985,10928898,26236
986,11382656,26214
987,11573416,26188
988,8091261,26093
989,1527565,26079
990,11601516,26062
991,848886605,26057
992,11440705,26003
993,7690452,25880
994,11489468,25870
995,848886430,25796
996,10186786,25671
997,1506343,25560
998,10136505,25442
999,11437314,25440
1000,11601439,25430
1001,9082711,25386
1002,11576725,25368
1003,10288973,25301
1004,11601782,25259
1005,11588182,25208
1006,9689312,25202
1007,11458076,25199
1008,9117472,25173
1009,10449559,25141
1010,11382913,25078
1011,11371084,24946
1012,848886077,24918
1013,848886700,24885
1014,848882989,24871
1015,848891656,24858
1016,11456458,24693
1017,11355013,24639
1018,11382967,24618
1019,11194357,24546
1020,11556288,24538
1021,11335902,24521
1022,8821086,24495
1023,11547600,24405
1024,848891565,24390
1025,9270456,24373
1026,10930154,24366
1027,10745269,24364
1028,11591449,24355
1029,11602512,24328
1030,11466871,24305
1031,9768244,24289
1032,4833469,24223
1033,10007454,24181
1034,11519898,23944
1035,11067376,23926
1036,7563491,23849
1037,9783799,23744
1038,11595755,23719
1039,11258406,23665
1040,11591266,23418
1041,2513934,23362
1042,11345108,23348
1043,848883121,23335
1044,848889659,23318
1045,3784412,23280
1046,848890448,23179
1047,8061098,23178
1048,9403415,23165
1049,11325645,23109
1050,9185967,22989
1051,848888823,22979
1052,9631176,22963
1053,11376433,22945
1054,848883562,22913
1055,11602828,22902
1056,10331147,22864
1057,9722298,22640
1058,848889116,22591
1059,11081905,22555
1060,9881624,22540
1061,11503867,22539
1062,11391662,22513
1063,8737096,22468
1064,11468362,22454
1065,11382167,22447
1066,10223729,22438
1067,10206428,22424
1068,11450838,22419
1069,10605812,22352
1070,11457587,22346
1071,9708792,22334
1072,11601794,22269
1073,11596406,22178
1074,11595151,22172
1075,7631623,22149
1076,848882955,22120
1077,9964832,22045
1078,11589546,22044
1079,848887497,21968
1080,7701393,21675
1081,9770952,21636
1082,11601721,21606
1083,11326433,21507
1084,11339439,21499
1085,11601785,21488
1086,11073800,21431
1087,1939826,21317
1088,11520095,21311
1089,9617347,21291
1090,11251562,21245
1091,11443065,21193
1092,10889191,21086
1093,10074353,21046
1094,11498651,21014
1095,11604031,20991
1096,11591168,20965
1097,11565779,20910
1098,11177908,20893
1099,1446123,20865
1100,3424873,20838
1101,9605280,20825
1102,848882641,20810
1103,848883254,20732
1104,9953456,20601
1105,11457530,20579
1106,11385250,20490
1107,3574217,20411
1108,11289604,20363
1109,11599792,20250
1110,11579221,20190
1111,11602899,20147
1112,9829053,20135
1113,11595854,20123
1114,10654945,20107
1115,10928425,20021
1116,11301495,19939
1117,899853,19939
1118,11495219,19928
1119,10239126,19881
1120,9876722,19837
1121,848886675,19792
1122,10949660,19767
1123,7452283,19687
1124,11374377,19663
1125,4520287,19654
1126,11600856,19631
1127,7549327,19613
1128,1903372,19559
1129,11564575,19488
1130,10831131,19437
1131,11603290,19374
1132,11573905,19291
1133,848887218,19243
1134,11355551,19221
1135,11407493,19172
1136,11361332,19103
1137,11440586,19099
1138,11496642,19085
1139,11335305,19061
1140,4070442,19059
1141,11547498,19058
1142,11542820,19043
1143,7428710,18998
1144,11599128,18983
1145,11048046,18896
1146,848884336,18868
1147,9568129,18832
1148,9117998,18831
1149,11466175,18818
1150,11434808,18812
1151,11443528,18728
1152,11591761,18711
1153,1027857,18710
1154,848887074,18668
1155,2808089,18653
1156,848884623,18637
1157,11455233,18634
1158,11463573,18557
1159,10221794,18551
1160,9111308,18491
1161,848887856,18360
1162,11602918,18344
1163,11449508,18342
1164,848884809,18304
1165,10696864,18291
1166,11591850,18287
1167,11441375,18261
1168,11446848,18244
1169,11457575,18188
1170,11454143,18164
1171,11407061,18148
1172,10060675,18146
1173,11528442,18086
1174,11580737,18060
1175,9017824,18044
1176,4904468,18027
1177,9977613,17998
1178,11587556,17998
1179,11573073,17982
1180,10476871,17974
1181,8834537,17902
1182,10516461,17863
1183,1529820,17823
1184,2696521,17776
1185,11602235,17747
1186,2998342,17742
1187,10986630,17719
1188,11473653,17704
1189,11601686,17698
1190,2896896,17679
1191,848891869,17494
1192,11212757,17468
1193,11524401,17395
1194,9989547,17326
1195,11409009,17303
1196,11318816,17268
1197,11581944,17152
1198,848888648,17127
1199,11298335,17078
1200,11325719,17005
1201,11596708,16929
1202,10153600,16918
1203,11461940,16884
1204,9922623,16883
1205,11604215,16855
1206,11406895,16802
1207,11486285,16775
1208,11382153,16766
1209,848887518,16741
1210,848887606,16704
1211,3692690,16694
1212,11603596,16682
1213,4212562,16642
1214,11538436,16613
1215,8641078,16606
1216,848890758,16592
1217,3025460,16568
1218,2494922,16522
1219,4953175,16515
1220,11551256,16436
1221,11267484,16421
1222,11563103,16393
1223,11348754,16384
1224,11361198,16343
1225,11602395,16337
1226,1999559,16313
1227,1741255,16307
1228,11498016,16282
1229,8807265,16256
1230,11581861,16248
1231,848887180,16210
1232,11353849,16130
1233,848893371,16106
1234,9774125,16090
1235,11585028,16055
1236,4360425,16040
1237,10101521,16019
1238,4290798,16008
1239,11602823,15940
1240,848882576,15929
1241,9779264,15875
1242,9868993,15857
1243,11462251,15836
1244,11175817,15770
1245,2568385,15742
1246,11154821,15728
1247,10577256,15702
1248,11597502,15583
1249,11523449,15544
1250,11601654,15459
1251,9825471,15436
1252,8077248,15413
1253,848882752,15362
1254,11596490,15360
1255,9429700,15315
1256,322742,15300
1257,10896731,15290
1258,11418149,15287
1259,10971993,15260
1260,11346722,15246
1261,11600247,15197
1262,11431206,15184
1263,11601640,15135
1264,9698422,15125
1265,11562862,15082
1266,11427838,15006
1267,10030830,14987
1268,11573618,14967
1269,11477537,14957
1270,11593668,14952
1271,11516021,14927
1272,11594370,14871
1273,9609938,14842
1274,2378785,14837
1275,11578932,14794
1276,848892581,14788
1277,11468088,14738
1278,9722317,14708
1279,3443852,14614
1280,11279182,14584
1281,8050634,14566
1282,848886995,14514
1283,11579292,14509
1284,11561597,14480
1285,11059041,14410
1286,848884403,14358
1287,11470502,14335
1288,11432694,14285
1289,11571399,14285
1290,9476997,14277
1291,11359840,14209
1292,11248611,14202
1293,11381978,14197
1294,848888111,14114
1295,10973451,14085
1296,11583189,14066
1297,10502068,14059
1298,848890620,14031
1299,11289732,14030
1300,7911630,13930
1301,848887134,13849
1302,11355660,13821
1303,10382762,13792
1304,9424075,13778
1305,848893040,13701
1306,10232146,13679
1307,1766316,13670
1308,10689460,13657
1309,11228649,13580
1310,11588134,13560
1311,3606156,13546
1312,10648101,13542
1313,11234398,13527
1314,11509362,13496
1315,11429303,13467
1316,11471047,13445
1317,11475955,13419
1318,10044793,13414
1319,10946710,13408
1320,10416229,13402
1321,11587062,13362
1322,848883192,13278
1323,11555025,13271
1324,11294722,13266
1325,11602864,13257
1326,11531216,13257
1327,9725137,13238
1328,1523499,13223
1329,10270582,13189
1330,10865213,13187
1331,11449119,13182
1332,10089243,13161
1333,11189171,13149
1334,11480085,13148
1335,9747178,13132
1336,11456812,13095
1337,736490,13086
1338,11361863,12992
1339,9972395,12984
1340,9406983,12948
1341,1907978,12917
1342,848884621,12876
1343,478257,12855
1344,2619058,12817
1345,11454168,12774
1346,4143720,12706
1347,11589965,12651
1348,11454843,12582
1349,9606948,12531
1350,11480530,12529
1351,11602123,12518
1352,8808077,12502
1353,11586480,12486
1354,11466103,12460
1355,11440888,12448
1356,7971401,12405
1357,240375655,12398
1358,10950898,12379
1359,11603696,12375
1360,9294789,12313
1361,9948582,12312
1362,11593145,12307
1363,10885782,12303
1364,11579057,12287
1365,848884835,12280
1366,848889487,12275
1367,504056,12251
1368,11602551,12204
1369,11446932,12171
1370,11601862,12109
1371,11484082,12066
1372,11572183,12048
1373,11592976,12027
1374,4682397,11970
1375,11498299,11923
1376,9926703,11918
1377,11600160,11909
1378,848892059,11901
1379,11327384,11886
1380,9917968,11884
1381,11485926,11877
1382,848887122,11871
1383,11587030,11869
1384,11587967,11829
1385,11116219,11819
1386,3631716,11810
1387,11602132,11769
1388,848886136,11713
1389,848886212,11683
1390,11586272,11676
1391,4922535,11651
1392,11591055,11632
1393,848883283,11628
1394,10194305,11608
1395,11600907,11603
1396,7597615,11585
1397,848885680,11570
1398,11482180,11535
1399,11381971,11524
1400,1309984,11468
1401,848887435,11462
1402,848887735,11383
1403,11544754,11382
1404,11505367,11358
1405,11589675,11341
1406,11322088,11315
1407,11300567,11266
1408,11584326,11246
1409,7795681,11245
1410,9242789,11194
1411,11602713,11176
1412,10041996,11130
1413,11248730,11126
1414,848889002,11124
1415,11305547,11109
1416,11565077,11087
1417,11411373,11068
1418,11578515,11066
1419,8462275,11045
1420,848887489,11034
1421,9815230,11005
1422,11251992,10955
1423,11481519,10907
1424,10328330,10884
1425,11600134,10877
1426,11602509,10866
1427,11401153,10861
1428,4191908,10827
1429,11556591,10800
1430,2343884,10777
1431,10936722,10733
1432,848892247,10703
1433,11599655,10665
1434,10365846,10652
1435,2359863,10610
1436,11522385,10584
1437,11546271,10555
1438,10498849,10539
1439,848889185,10534
1440,848883264,10528
1441,848884452,10518
1442,848886242,10515
1443,11593346,10478
1444,11388962,10468
1445,11447455,10462
1446,11403258,10456
1447,11327632,10444
1448,848890203,10432
1449,11381544,10428
1450,11557940,10385
1451,9244053,10377
1452,11603220,10359
1453,1104781,10306
1454,11452672,10280
1455,10021847,10269
1456,9319347,10259
1457,2365031,10252
1458,848892607,10250
1459,11602172,10217
1460,11540308,10216
1461,10855541,10207
1462,350372,10207
1463,11450687,10046
1464,11447792,10038
1465,2755432,10011
1466,11567120,9984
1467,11590109,9960
1468,848883743,9948
1469,9701948,9926
1470,848883785,9924
1471,11384795,9924
1472,10927287,9910
1473,3259664,9908
1474,11334092,9861
1475,11499848,9822
1476,408236,9805
1477,11585947,9795
1478,11552476,9767
1479,11382165,9682
1480,11588369,9652
1481,2690692,9647
1482,11372057,9616
1483,848887165,9594
1484,11600000,9580
1485,848891232,9569
1486,11532510,9548
1487,9570793,9509
1488,848888124,9431
1489,11599656,9429
1490,848890480,9412
1491,129409,9409
1492,11345552,9367
1493,11499539,9340
1494,11602559,9332
1495,848889539,9325
1496,9527107,9320
1497,10402999,9316
1498,2624715,9301
1499,4937722,9264
1500,4938949,9248
1501,11524125,9229
1502,848888056,9214
1503,9788823,9207
1504,11323555,9184
1505,10101460,9180
1506,9932496,9137
1507,1706917,9063
1508,9765914,9047
1509,4887363,9042
1510,11591626,9032
1511,3911533,9006
1512,11190358,8995
1513,11595135,8983
1514,11428820,8982
1515,11584721,8960
1516,9748927,8917
1517,4175354,8900
1518,11340394,8858
1519,848884170,8854
1520,11507531,8850
1521,9729796,8836
1522,8889354,8809
1523,11382404,8761
1524,2916724,8755
1525,11467659,8736
1526,10393786,8730
1527,654221,8719
1528,11601827,8658
1529,8624538,8651
1530,11603536,8647
1531,9031681,8615
1532,848888150,8614
1533,848883788,8587
1534,9224423,8557
1535,848885067,8555
1536,10723671,8540
1537,10985152,8528
1538,11583396,8525
1539,11358858,8522
1540,848887400,8498
1541,9773949,8492
1542,11498174,8487
1543,3895313,8467
1544,11554474,8458
1545,11566939,8451
1546,10307000,8435
1547,11492683,8409
1548,11592964,8385
1549,11602735,8367
1550,11222457,8358
1551,11590950,8304
1552,11543984,8279
1553,848885700,8269
1554,4641481,8248
1555,848883559,8238
1556,9319230,8208
1557,11451772,8204
1558,74046,8199
1559,3440313,8188
1560,11444843,8157
1561,11557083,8150
1562,4792842,8105
1563,10676513,8094
1564,11105444,8093
1565,11600984,8037
1566,11485084,8037
1567,728619,8010
1568,848886929,8007
1569,10938496,7988
1570,11475150,7925
1571,8383080,7913
1572,11462695,7902
1573,11166496,7894
1574,11567052,7874
1575,10030213,7865
1576,848885726,7847
1577,11593537,7834
1578,11565213,7820
1579,4440693,7763
1580,11597105,7706
1581,11595331,7703
1582,11584283,7697
1583,11428468,7670
1584,1948398,7668
1585,11054736,7655
1586,11508052,7648
1587,11592774,7635
1588,848884616,7589
1589,11578954,7567
1590,11535969,7540
1591,848890143,7505
1592,2738461,7502
1593,11211837,7500
1594,2926391,7446
1595,11595452,7436
1596,3144057,7426
1597,11079554,7408
1598,11575445,7407
1599,848882952,7376
1600,11329728,7368
1601,11330212,7355
1602,11487359,7347
1603,10503195,7334
1604,11307344,7318
1605,541223,7296
1606,11594360,7292
1607,11601432,7274
1608,11572922,7263
1609,11534311,7223
1610,841323,7210
1611,11466012,7203
1612,11500751,7190
1613,848882771,7146
1614,848883801,7105
1615,8996040,7101
1616,8641638,7094
1617,9687708,7080
1618,11402534,7045
1619,9122814,7039
1620,11602441,7037
1621,10081780,7012
1622,11491656,6990
1623,11491809,6970
1624,9488755,6901
1625,11538918,6881
1626,11602066,6875
1627,11562324,6862
1628,848890926,6833
1629,11382978,6827
1630,11345061,6805
1631,11580421,6776
1632,11429351,6774
1633,10467334,6753
1634,11592399,6741
1635,848886448,6732
1636,848883412,6729
1637,9897573,6723
1638,11548196,6713
1639,11597451,6713
1640,10264809,6712
1641,4208879,6644
1642,2011699,6638
1643,11467549,6637
1644,11180929,6627
1645,11455073,6617
1646,848884860,6582
1647,11456762,6575
1648,11581493,6570
1649,848884442,6561
1650,11257938,6561
1651,11386225,6558
1652,11344481,6556
1653,11504314,6533
1654,10034650,6527
1655,848891392,6446
1656,848892122,6440
1657,11311533,6439
1658,848882877,6429
1659,848883052,6414
1660,11503260,6408
1661,848886653,6401
1662,848885668,6327
1663,8674762,6324
1664,848886339,6306
1665,10137985,6290
1666,848882998,6261
1667,11057294,6252
1668,3161762,6242
1669,11601949,6232
1670,9534177,6225
1671,11591921,6225
1672,848889796,6217
1673,848884004,6203
1674,11593081,6174
1675,11591438,6174
1676,11524609,6167
1677,7810708,6164
1678,617633,6162
1679,11553957,6154
1680,11079212,6147
1681,4271520,6142
1682,4685295,6134
1683,11570369,6128
1684,10814088,6113
1685,848885231,6108
1686,11603521,6090
1687,11565735,6087
1688,11562452,6054
1689,11292681,6051
1690,10751276,6025
1691,9350347,6000
1692,848889832,5989
1693,11372980,5980
1694,848885762,5960
1695,10996554,5948
1696,11570301,5944
1697,848888410,5933
1698,11406879,5931
1699,11448190,5928
1700,11603418,5924
1701,11541028,5923
1702,11457481,5913
1703,11602431,5892
1704,11587887,5867
1705,848892695,5842
1706,11382401,5839
1707,9534287,5820
1708,11379841,5805
1709,11492748,5794
1710,11595874,5786
1711,848890851,5749
1712,11163111,5745
1713,3767275,5733
1714,11433032,5677
1715,11433515,5661
1716,11587845,5661
1717,11392976,5613
1718,848885963,5602
1719,11593837,5598
1720,10580834,5592
1721,11578044,5581
1722,10096481,5556
1723,9738438,5554
1724,11589617,5547
1725,11433120,5540
1726,11593151,5534
1727,11324416,5495
1728,848887077,5479
1729,11575976,5463
1730,848888757,5456
1731,11602459,5452
1732,848890945,5451
1733,11546582,5435
1734,11602537,5431
1735,848885568,5430
1736,1593245,5423
1737,11599959,5421
1738,10012333,5419
1739,7769537,5416
1740,3442394,5412
1741,11268735,5409
1742,11600620,5407
1743,11579280,5405
1744,9328481,5398
1745,7567705,5387
1746,848893507,5379
1747,11594446,5357
1748,11265120,5354
1749,11602240,5343
1750,10535976,5303
1751,848885519,5298
1752,9822188,5297
1753,11599334,5290
1754,11241365,5283
1755,421027,5280
1756,11603166,5254
1757,11343463,5247
1758,11573145,5245
1759,11428312,5234
1760,848890763,5231
1761,1714321,5218
1762,848888060,5217
1763,11555753,5198
1764,11598296,5182
1765,11556290,5177
1766,848882939,5159
1767,848891083,5158
1768,848886464,5141
1769,11596143,5138
1770,11593128,5129
1771,11598359,5127
1772,11268401,5112
1773,11603058,5101
1774,11602692,5100
1775,11590521,5084
1776,11429640,5053
1777,11600739,5041
1778,848887473,5038
1779,848884391,5028
1780,11463013,5022
1781,11510795,4997
1782,9692357,4988
1783,11581530,4975
1784,848884239,4974
1785,11603656,4970
1786,848886329,4948
1787,11599002,4942
1788,848889570,4940
1789,11452128,4935
1790,7484844,4913
1791,11601599,4912
1792,11439653,4910
1793,11419976,4908
1794,848886272,4875
1795,848890586,4875
1796,9177385,4861
1797,87485,4848
1798,848888067,4838
1799,848883444,4838
1800,11586264,4808
1801,11582660,4797
1802,848888806,4777
1803,11464597,4773
1804,848887270,4757
1805,11498190,4737
1806,848892796,4734
1807,848891153,4725
1808,848889103,4722
1809,11604159,4719
1810,11079927,4718
1811,11589129,4711
1812,11550204,4702
1813,11582426,4686
1814,11601923,4677
1815,848889050,4642
1816,848889476,4633
1817,848894318,4631
1818,11602676,4630
1819,10659915,4628
1820,848891798,4622
1821,4625704,4620
1822,11538690,4602
1823,11602096,4593
1824,11595949,4585
1825,848889200,4570
1826,848886943,4570
1827,11584851,4560
1828,848886374,4554
1829,10274584,4547
1830,11479835,4536
1831,848886956,4528
1832,848892088,4522
1833,9848210,4486
1834,11540371,4485
1835,10289515,4483
1836,11595728,4467
1837,10454354,4456
1838,848892637,4433
1839,11413982,4422
1840,848892829,4418
1841,1437014,4382
1842,848888167,4381
1843,11561365,4377
1844,11386441,4371
1845,11334922,4363
1846,848892127,4355
1847,848889853,4339
1848,11485584,4318
1849,11601921,4316
1850,11498003,4315
1851,11459551,4315
1852,848885923,4311
1853,533843,4308
1854,848892708,4307
1855,3789615,4305
1856,848887797,4296
1857,11597744,4292
1858,848886039,4291
1859,11457801,4290
1860,9567981,4289
1861,11382236,4277
1862,848885901,4261
1863,3482098,4258
1864,11448573,4254
1865,11601134,4240
1866,848885656,4227
1867,11578123,4223
1868,9759264,4201
1869,848888853,4181
1870,11468253,4164
1871,848892821,4157
1872,848889538,4153
1873,848887790,4150
1874,9418980,4146
1875,11467132,4143
1876,11601401,4139
1877,11434169,4131
1878,8093122,4127
1879,11466293,4126
1880,11588629,4119
1881,848892389,4118
1882,9194242,4096
1883,11407655,4077
1884,7695291,4072
1885,11568235,4065
1886,11592372,4064
1887,8833444,4063
1888,11546354,4054
1889,11584954,4052
1890,848892216,4044
1891,4117311,4025
1892,11485164,4017
1893,7548337,4011
1894,11539592,3998
1895,7707293,3994
1896,848890388,3993
1897,10950759,3985
1898,11442032,3968
1899,10233779,3962
1900,11585022,3961
1901,11578751,3959
1902,10724284,3957
1903,848890344,3954
1904,11496463,3953
1905,1974392,3951
1906,9935603,3942
1907,11579964,3931
1908,250592,3911
1909,10323060,3901
1910,848892632,3892
1911,11529024,3886
1912,848885785,3884
1913,11358497,3877
1914,11066364,3875
1915,11602818,3868
1916,3323257,3855
1917,11382088,3847
1918,11597285,3847
1919,11553575,3840
1920,11557930,3817
1921,11424597,3801
1922,11380410,3797
1923,848885920,3794
1924,848885796,3786
1925,11256584,3779
1926,11448737,3778
1927,11595700,3754
1928,11375683,3746
1929,848888677,3740
1930,11482082,3717
1931,848891653,3708
1932,9525020,3703
1933,11584609,3703
1934,91013,3687
1935,11506503,3685
1936,11584687,3685
1937,848890431,3668
1938,848886037,3665
1939,8550402,3647
1940,11580559,3642
1941,2480954,3635
1942,848889148,3630
1943,11112190,3614
1944,2113263,3596
1945,11594784,3576
1946,4160393,3575
1947,11498433,3572
1948,10088588,3571
1949,11560556,3569
1950,11427499,3569
1951,11296428,3567
1952,11401641,3561
1953,11400213,3549
1954,11403039,3546
1955,11256005,3542
1956,11442375,3539
1957,11594270,3537
1958,10064149,3534
1959,3409134,3529
1960,11597235,3528
1961,11575770,3518
1962,848888090,3507
1963,848888659,3485
1964,848886745,3469
1965,848888761,3460
1966,11340438,3450
1967,11601925,3449
1968,848890266,3448
1969,4605137,3429
1970,11594679,3425
1971,4618360,3419
1972,7565181,3418
1973,9255817,3415
1974,9837829,3415
1975,7800384,3415
1976,848889461,3406
1977,10420159,3396
1978,848890884,3389
1979,11601614,3388
1980,11595674,3386
1981,11160414,3380
1982,11472334,3374
1983,4702944,3369
1984,11591039,3365
1985,11226250,3358
1986,9846073,3352
1987,11321377,3350
1988,9993049,3348
1989,11469558,3342
1990,848889064,3339
1991,11536996,3338
1992,848882721,3329
1993,848886291,3325
1994,10974103,3324
1995,11521478,3322
1996,848875450,3314
1997,9904070,3309
1998,10765552,3307
1999,11599930,3296
2000,848884468,3280
2001,9441955,3268
2002,8972672,3267
2003,530168,3262
2004,11529320,3257
2005,11592675,3253
2006,11602638,3252
2007,848890967,3248
2008,10827122,3247
2009,11472276,3230
2010,848890572,3230
2011,11448620,3225
2012,11546574,3223
2013,848890453,3220
2014,9553608,3209
2015,848893457,3207
2016,11476128,3205
2017,848892288,3202
2018,11599756,3199
2019,11561818,3195
2020,11517057,3185
2021,11493937,3179
2022,11580684,3173
2023,8960795,3145
2024,11485939,3136
2025,848893157,3123
2026,11415795,3119
2027,11594208,3118
2028,11470140,3114
2029,11461720,3106
2030,11573192,3105
2031,11462944,3102
2032,848891359,3100
2033,11433269,3100
2034,848888890,3088
2035,11602526,3085
2036,11121653,3082
2037,2736152,3077
2038,848885372,3067
2039,4384352,3063
2040,11152725,3059
2041,10675045,3055
2042,848887905,3053
2043,848885744,3051
2044,11385297,3044
2045,11587789,3033
2046,848885440,3024
2047,10253123,3016
2048,848885919,3006
2049,11517971,2996
2050,11593750,2991
2051,848883556,2976
2052,11356027,2964
2053,7967450,2962
2054,11483613,2961
2055,9500077,2961
2056,8966722,2959
2057,11603037,2951
2058,9837364,2947
2059,11576041,2938
2060,3418376,2937
2061,848890633,2923
2062,11409895,2920
2063,10727316,2917
2064,848884503,2917
2065,11463062,2914
2066,11600132,2909
2067,10411916,2899
2068,10372525,2883
2069,11402198,2880
2070,4925236,2879
2071,11336348,2874
2072,11460225,2868
2073,11602515,2862
2074,11603011,2847
2075,7944113,2836
2076,11474476,2830
2077,10033324,2824
2078,11167490,2817
2079,11381954,2809
2080,8056198,2798
2081,11547354,2797
2082,11495325,2796
2083,8282438,2789
2084,9286521,2772
2085,11397165,2769
2086,10280117,2765
2087,848888745,2764
2088,9031690,2762
2089,578878,2757
2090,9345232,2736
2091,11434215,2732
2092,8050182,2731
2093,11435388,2721
2094,9775091,2719
2095,9655301,2715
2096,11451921,2713
2097,11388723,2713
2098,11522070,2703
2099,10979562,2702
2100,11552507,2698
2101,11459197,2696
2102,11105893,2695
2103,11582678,2685
2104,848892523,2680
2105,848890069,2671
2106,848882938,2648
2107,11577078,2646
2108,10912337,2642
2109,11482411,2616
2110,848884717,2595
2111,11541680,2592
2112,9251046,2587
2113,11565790,2586
2114,11375133,2575
2115,848887521,2568
2116,8015402,2567
2117,848887379,2565
2118,11602983,2563
2119,10629658,2560
2120,11563981,2548
2121,11595618,2546
2122,10141632,2532
2123,11506677,2531
2124,848883338,2528
2125,11165816,2526
2126,11523925,2522
2127,11569801,2521
2128,3309379,2513
2129,11587448,2502
2130,11586087,2500
2131,11491192,2497
2132,2978099,2497
2133,848891134,2495
2134,3486008,2493
2135,11598701,2487
2136,9570325,2480
2137,11207522,2477
2138,11456153,2476
2139,11581998,2470
2140,7781671,2468
2141,848885523,2465
2142,9908081,2457
2143,11593711,2455
2144,11603482,2451
2145,11579445,2444
2146,11595608,2443
2147,10922522,2428
2148,11424599,2420
2149,11486702,2418
2150,11601491,2410
2151,3138397,2406
2152,11462742,2404
2153,747401,2396
2154,11594672,2394
2155,11330898,2389
2156,848891213,2376
2157,1635208,2374
2158,9957796,2372
2159,848892747,2370
2160,11541310,2368
2161,11601463,2362
2162,11477892,2361
2163,11230573,2359
2164,11006323,2343
2165,9813176,2342
2166,11482613,2337
2167,848892066,2333
2168,9494870,2329
2169,848889151,2326
2170,11208611,2321
2171,11516260,2320
2172,2989386,2311
2173,848891203,2309
2174,848890844,2302
2175,10446047,2299
2176,11603528,2284
2177,11446239,2274
2178,11475078,2270
2179,11575975,2268
2180,11483213,2266
2181,848891945,2265
2182,848891474,2254
2183,11407004,2252
2184,11567474,2236
2185,11505540,2223
2186,11602435,2221
2187,8246150,2215
2188,11462595,2200
2189,848894184,2197
2190,11585067,2195
2191,11579369,2191
2192,848892571,2182
2193,848889122,2168
2194,11601213,2151
2195,2488870,2146
2196,11603937,2144
2197,11561636,2143
2198,11575496,2131
2199,11480300,2121
2200,11586226,2120
2201,11392577,2115
2202,11410458,2114
2203,10968721,2112
2204,8542099,2109
2205,3956610,2108
2206,11170951,2104
2207,11583844,2102
2208,11545580,2096
2209,11554662,2095
2210,11578026,2083
2211,848891062,2079
2212,11585671,2076
2213,313276,2075
2214,11599418,2059
2215,9665111,2055
2216,848892403,2035
2217,848888674,2033
2218,11588104,2028
2219,10807416,2022
2220,9504623,2017
2221,11530122,2016
2222,11581164,2014
2223,11575090,2014
2224,11598599,2001
2225,11595502,1998
2226,9594409,1995
2227,2740341,1986
2228,11208061,1986
2229,11578019,1985
2230,2436563,1985
2231,2307634,1982
2232,11593082,1979
2233,11331072,1974
2234,848883249,1969
2235,848886139,1969
2236,11350739,1968
2237,11586750,1968
2238,9419460,1963
2239,11603898,1959
2240,11457876,1951
2241,11489496,1950
2242,2584080,1928
2243,848893907,1926
2244,11520517,1925
2245,848890205,1921
2246,11381963,1919
2247,848884076,1914
2248,848887391,1905
2249,848885772,1898
2250,11463004,1896
2251,848891157,1895
2252,2610884,1893
2253,11500227,1891
2254,11601328,1883
2255,7669475,1878
2256,848886705,1877
2257,848890516,1876
2258,11388424,1872
2259,11474018,1870
2260,848883848,1851
2261,11370246,1846
2262,11603763,1844
2263,848894470,1843
2264,11580908,1842
2265,848889125,1842
2266,11377946,1841
2267,11473527,1836
2268,11603673,1831
2269,11599742,1830
2270,11573319,1828
2271,11020809,1814
2272,848893695,1812
2273,11380613,1810
2274,848889135,1802
2275,848883953,1796
2276,848891316,1794
2277,11327990,1780
2278,848884157,1778
2279,848888588,1772
2280,848883362,1771
2281,11361830,1764
2282,2312922,1757
2283,848887205,1753
2284,848893448,1752
2285,11461441,1749
2286,848890830,1748
2287,848884500,1748
2288,2609161,1741
2289,11535784,1736
2290,9948696,1730
2291,11188871,1727
2292,11249957,1725
2293,848892163,1725
2294,848893629,1723
2295,848890790,1722
2296,848888487,1721
2297,1160381,1719
2298,848884062,1719
2299,8449238,1717
2300,848886398,1715
2301,11558808,1707
2302,11442617,1703
2303,848893983,1702
2304,11311630,1698
2305,848893251,1696
2306,11602061,1695
2307,848884141,1695
2308,11434438,1687
2309,11418588,1683
2310,9785105,1675
2311,11239479,1670
2312,7433712,1669
2313,2894315,1664
2314,9778539,1661
2315,11556028,1659
2316,11601621,1658
2317,848883952,1657
2318,11590663,1632
2319,8982390,1631
2320,11567243,1630
2321,848893544,1628
2322,848888737,1627
2323,11356175,1624
2324,8457016,1624
2325,7840525,1622
2326,11592918,1622
2327,848885102,1616
2328,4520016,1615
2329,11492554,1607
2330,11602073,1605
2331,11442303,1605
2332,11434617,1604
2333,3615265,1604
2334,9170323,1592
2335,11603914,1591
2336,11441926,1583
2337,11498874,1582
2338,1275311,1579
2339,11575421,1572
2340,1664224,1570
2341,722243,1565
2342,3305093,1564
2343,11602645,1559
2344,11571206,1555
2345,9329808,1546
2346,11601173,1544
2347,2379810,1543
2348,9686498,1542
2349,9288632,1525
2350,11575679,1523
2351,11603668,1522
2352,848891987,1520
2353,848885099,1519
2354,848883974,1512
2355,11595619,1510
2356,1172909,1510
2357,11370845,1508
2358,848883819,1500
2359,11445551,1500
2360,11578185,1496
2361,848889871,1490
2362,11466831,1490
2363,848893139,1490
2364,848891999,1479
2365,11577273,1476
2366,11598816,1474
2367,848892628,1470
2368,11577828,1465
2369,11174926,1462
2370,848887203,1462
2371,848891535,1462
2372,848890995,1453
2373,10573422,1452
2374,848891214,1448
2375,848887762,1448
2376,848887879,1447
2377,11482429,1442
2378,11381962,1441
2379,10187461,1437
2380,10752464,1436
2381,848882933,1435
2382,11458941,1433
2383,848887083,1432
2384,848894266,1430
2385,2471016,1429
2386,848889437,1428
2387,848890147,1425
2388,9249362,1420
2389,10689204,1420
2390,848883366,1413
2391,7904288,1413
2392,11591072,1412
2393,9816586,1411
2394,11245157,1410
2395,1767323,1404
2396,9542691,1392
2397,11517900,1389
2398,11343105,1388
2399,848889295,1385
2400,11597018,1379
2401,848885658,1377
2402,848890878,1377
2403,848887881,1374
2404,848890402,1373
2405,11381925,1372
2406,848882728,1371
2407,11477292,1363
2408,11457972,1362
2409,848890783,1360
2410,8228386,1356
2411,7729742,1354
2412,848888788,1352
2413,11314222,1350
2414,11602122,1350
2415,11600883,1348
2416,11446962,1347
2417,2177104,1337
2418,347486,1334
2419,10586680,1333
2420,11382306,1333
2421,11582169,1332
2422,11576533,1330
2423,11446283,1328
2424,11571010,1327
2425,848883762,1326
2426,11588495,1325
2427,11547756,1324
2428,848894682,1322
2429,848888633,1314
2430,9730076,1313
2431,848891116,1309
2432,11460850,1306
2433,11550183,1300
2434,848894203,1299
2435,7929858,1291
2436,848891963,1291
2437,9285224,1291
2438,848884802,1287
2439,11601897,1284
2440,848883902,1280
2441,848882769,1280
2442,11486255,1274
2443,11357864,1272
2444,11457608,1267
2445,11574278,1264
2446,848893035,1261
2447,1970747,1260
2448,11592494,1255
2449,848893938,1252
2450,11576664,1251
2451,848893465,1248
2452,7520758,1245
2453,9540258,1234
2454,8164736,1218
2455,848891158,1217
2456,2093130,1217
2457,10806155,1216
2458,848889307,1215
2459,848893160,1203
2460,9905924,1200
2461,11432739,1198
2462,848886349,1188
2463,848885736,1184
2464,11567515,1182
2465,848885596,1179
2466,11602178,1176
2467,11479239,1175
2468,7535384,1175
2469,848884499,1173
2470,11591347,1169
2471,10822607,1169
2472,11602210,1168
2473,848889859,1163
2474,4866977,1163
2475,848886612,1156
2476,9811957,1154
2477,848885005,1153
2478,11601332,1147
2479,11048328,1145
2480,848890400,1144
2481,476462,1141
2482,11473570,1136
2483,11569504,1135
2484,9722302,1132
2485,11517079,1129
2486,848892927,1121
2487,848888629,1120
2488,2764142,1119
2489,11530685,1116
2490,3565238,1112
2491,10070651,1112
2492,11399299,1111
2493,11493450,1110
2494,11590855,1107
2495,11579940,1101
2496,11092211,1100
2497,1053865,1094
2498,11491755,1093
2499,11594486,1090
2500,9320304,1089
2501,11581406,1085
2502,848892775,1084
2503,848891838,1081
2504,848893965,1081
2505,10955904,1081
2506,11496737,1081
2507,848891456,1076
2508,848890272,1075
2509,848894921,1075
2510,10814212,1073
2511,848889628,1072
2512,848891611,1067
2513,11538750,1066
2514,3730859,1065
2515,2905967,1063
2516,848891230,1061
2517,848885301,1060
2518,10010603,1056
2519,11591922,1048
2520,11577464,1043
2521,2066545,1043
2522,35523,1041
2523,9862193,1038
2524,11448358,1033
2525,9313283,1030
2526,848883844,1027
2527,11352765,1023
2528,11582800,1018
2529,848883529,1016
2530,848891096,1016
2531,8465065,1016
2532,11470630,1009
2533,11593229,1009
2534,11338103,1005
2535,10314871,1005
2536,848892906,1005
2537,11339973,1005
2538,848890075,1002
2539,848891029,998
2540,11105052,996
2541,344355,996
2542,11578576,995
2543,11006280,995
2544,2126790,995
2545,10832072,989
2546,11488442,989
2547,11574650,988
2548,11603916,986
2549,11551445,985
2550,11575458,984
2551,11458611,984
2552,848893431,984
2553,11111858,979
2554,3694547,977
2555,9499424,976
2556,11350540,976
2557,8338773,976
2558,9889610,974
2559,848886588,971
2560,11472558,969
2561,4863109,968
2562,848889798,966
2563,10669541,963
2564,11407111,960
2565,11486825,954
2566,848889226,953
2567,11603884,952
2568,11357668,947
2569,9885232,943
2570,11578389,943
2571,11522058,943
2572,848882858,942
2573,848889580,942
2574,11564788,937
2575,11467706,934
2576,11407919,927
2577,8547204,925
2578,7799685,924
2579,11571130,922
2580,848894272,921
2581,4901048,919
2582,11543871,918
2583,2833365,916
2584,2172842,914
2585,848884408,909
2586,848884237,905
2587,848890108,901
2588,848886064,897
2589,11488097,896
2590,9988994,896
2591,1184981,895
2592,8235465,895
2593,848885932,894
2594,11494089,891
2595,848889139,889
2596,848888043,889
2597,848887993,886
2598,7923552,886
2599,354287,885
2600,11275707,876
2601,11592499,876
2602,11575009,875
2603,11583949,875
2604,848894836,874
2605,848891195,874
2606,11590912,874
2607,4552377,873
2608,848888564,872
2609,10767069,872
2610,848894610,870
2611,848887949,870
2612,848892756,869
2613,11431703,868
2614,848890227,868
2615,11416533,867
2616,848890071,867
2617,11488729,866
2618,10159601,863
2619,10643154,861
2620,848893498,859
2621,11569939,855
2622,4801670,854
2623,848888429,853
2624,11543530,849
2625,11601206,848
2626,848890643,841
2627,568199,840
2628,11482117,840
2629,848894544,839
2630,848891939,837
2631,11332869,836
2632,11203298,835
2633,3532757,832
2634,2623314,830
2635,11448396,828
2636,11603348,824
2637,11426755,823
2638,11582289,822
2639,848884522,822
2640,11385308,822
2641,848893173,821
2642,11560035,818
2643,11040728,817
2644,848891731,816
2645,11483240,815
2646,848892196,815
2647,11534528,811
2648,11601656,809
2649,2641078,809
2650,11599166,808
2651,10884097,803
2652,11577438,800
2653,10388104,800
2654,9504442,799
2655,9213458,798
2656,11295140,796
2657,11457584,794
2658,11359212,793
2659,848886419,792
2660,11364150,791
2661,9846874,790
2662,848888421,788
2663,848889505,786
2664,9878821,784
2665,11498666,784
2666,7632057,783
2667,848884638,782
2668,2803950,781
2669,848887283,780
2670,848890734,779
2671,11519077,778
2672,848887760,774
2673,11551024,773
2674,848883149,773
2675,848890857,772
2676,10956238,768
2677,848887838,767
2678,11582648,766
2679,961071,765
2680,11603563,765
2681,11365227,764
2682,11592547,762
2683,2694241,758
2684,11603957,757
2685,11311975,755
2686,11586708,754
2687,3139679,754
2688,848891909,754
2689,11603328,748
2690,848890531,741
2691,848892749,739
2692,9726547,737
2693,11555572,736
2694,11517752,736
2695,11603158,735
2696,11596256,734
2697,11291967,729
2698,848892398,728
2699,11590637,727
2700,9595028,724
2701,11598245,723
2702,9399388,723
2703,4249900,722
2704,848892093,722
2705,10183842,720
2706,848894171,720
2707,11590775,716
2708,7709640,715
2709,848886848,714
2710,8503748,714
2711,11443995,713
2712,848892383,707
2713,9751689,703
2714,10940319,701
2715,11529584,701
2716,11536500,701
2717,848892324,700
2718,11460459,699
2719,848886541,696
2720,2967660,696
2721,11166972,696
2722,11590980,696
2723,11551372,695
2724,11592442,694
2725,9216534,694
2726,11470074,689
2727,848895299,688
2728,11590583,687
2729,848884255,686
2730,11382345,685
2731,848891149,685
2732,848893797,684
2733,848894186,683
2734,11490709,683
2735,10433342,681
2736,11597101,680
2737,848893594,679
2738,11464001,673
2739,10700269,673
2740,848889463,664
2741,9844648,663
2742,11214276,659
2743,11442556,658
2744,11577590,655
2745,11557981,655
2746,11123488,653
2747,11573191,653
2748,11246063,653
2749,10639056,652
2750,848887491,652
2751,11519523,650
2752,11512795,647
2753,11487634,646
2754,2502947,645
2755,848892001,645
2756,11571694,640
2757,848889316,640
2758,4161474,640
2759,848889700,639
2760,11602989,639
2761,11522973,638
2762,8348797,638
2763,11332608,638
2764,848891499,637
2765,848891445,632
2766,11048056,632
2767,10893844,631
2768,11294446,631
2769,11569821,630
2770,848882542,629
2771,848886894,629
2772,11568269,629
2773,9981214,629
2774,11458236,624
2775,848894020,623
2776,9056293,623
2777,848889903,623
2778,11479003,622
2779,848891518,621
2780,4835134,618
2781,848890928,618
2782,848887118,618
2783,11595686,616
2784,10427048,615
2785,11591656,614
2786,8175891,614
2787,11594600,613
2788,848883976,610
2789,848889027,609
2790,848887846,609
2791,11441252,606
2792,3333394,604
2793,11591608,602
2794,11477455,602
2795,848894142,601
2796,11579599,601
2797,848890679,600
2798,4953391,600
2799,848893244,600
2800,848888046,599
2801,4706527,598
2802,10994045,597
2803,11602067,596
2804,11601697,594
2805,848889845,593
2806,848891573,592
2807,11561567,591
2808,11465004,590
2809,7556925,589
2810,11229738,589
2811,11358865,588
2812,11564305,587
2813,9480753,587
2814,11489749,587
2815,848858078,579
2816,11490754,576
2817,11484748,576
2818,11382012,575
2819,9836415,573
2820,11602473,572
2821,11407130,572
2822,11426476,569
2823,11406992,568
2824,11266230,566
2825,11567165,565
2826,11555162,565
2827,848883904,564
2828,848893901,563
2829,848893547,562
2830,848894864,562
2831,9460684,561
2832,11309223,560
2833,848889281,555
2834,9088320,551
2835,11592180,550
2836,11191955,549
2837,11547462,549
2838,11592573,548
2839,848890774,548
2840,848890440,548
2841,17977,548
2842,848894494,548
2843,848895111,546
2844,2521942,546
2845,848890877,544
2846,848892704,544
2847,848892401,543
2848,11359671,542
2849,848889623,540
2850,11569403,540
2851,10164985,540
2852,848889518,539
2853,848883918,538
2854,11480746,535
2855,10953479,532
2856,9079039,530
2857,11414445,530
2858,10579887,529
2859,11594782,529
2860,848894643,521
2861,3355718,517
2862,848887899,516
2863,11467005,516
2864,848893318,516
2865,11568125,515
2866,848891790,514
2867,11553039,511
2868,11465557,511
2869,10830371,509
2870,8564525,509
2871,11548015,508
2872,8586591,506
2873,848889025,506
2874,11588945,506
2875,4949695,502
2876,3416130,502
2877,848888724,502
2878,848883983,502
2879,10379660,501
2880,848891362,500
2881,11594289,500
2882,11464634,499
2883,11450783,498
2884,11330022,495
2885,11382772,495
2886,848890196,494
2887,11246841,494
2888,848889391,493
2889,10663834,492
2890,11049584,492
2891,7660391,491
2892,11526954,491
2893,11600537,491
2894,10766406,486
2895,848891583,485
2896,848891466,485
2897,11594380,484
2898,11365663,484
2899,11381988,483
2900,11391657,480
2901,848891085,475
2902,10647569,474
2903,848885664,472
2904,2762054,472
2905,10313684,470
2906,848883140,468
2907,1982047,467
2908,11561002,466
2909,9771486,465
2910,11474353,464
2911,11603135,463
2912,11409153,462
2913,11562549,459
2914,848888304,458
2915,848888591,458
2916,11480920,458
2917,11411971,457
2918,11601555,457
2919,11602455,457
2920,848882640,457
2921,9549341,456
2922,11504568,456
2923,11539985,456
2924,9836384,455
2925,11505989,455
2926,11300049,453
2927,848892335,453
2928,3854432,453
2929,11599415,453
2930,11592432,450
2931,11274369,450
2932,7587840,449
2933,848886826,449
2934,11603190,448
2935,848887108,448
2936,11488215,446
2937,3563927,444
2938,11257617,442
2939,9772638,441
2940,11477650,440
2941,3016894,439
2942,10883523,439
2943,11556848,438
2944,8242032,438
2945,9548542,437
2946,2181930,437
2947,615592,436
2948,848883834,435
2949,11502183,433
2950,11593476,431
2951,848889993,430
2952,848893065,429
2953,8724920,428
2954,10372172,428
2955,11602088,428
2956,848884096,427
2957,848894173,424
2958,11604030,422
2959,848892648,422
2960,11588676,420
2961,11552463,420
2962,848886682,418
2963,10880990,418
2964,848894713,417
2965,848887543,416
2966,848886958,415
2967,11541055,415
2968,11582959,414
2969,848887458,412
2970,11505811,412
2971,11593485,408
2972,3653011,404
2973,848887831,404
2974,11445676,402
2975,848893045,402
2976,11295359,400
2977,2741955,400
2978,11459446,400
2979,10170847,399
2980,10208762,399
2981,848894469,398
2982,9866849,398
2983,11409702,396
2984,848896089,395
2985,8933139,394
2986,848887320,394
2987,11474785,392
2988,8871925,390
2989,11601489,390
2990,9363759,390
2991,11598623,389
2992,11315762,386
2993,11382491,384
2994,848885659,383
2995,848891243,382
2996,848895579,380
2997,8420366,380
2998,848891629,380
2999,7977495,377
3000,9228583,376
3001,848886157,376
3002,270911,375
3003,463474,374
3004,848892873,373
3005,848890495,372
3006,848891462,371
3007,11601996,371
3008,11535590,371
3009,848890764,370
3010,11598174,369
3011,11603846,368
3012,848889502,367
3013,848890645,367
3014,4426816,366
3015,10889363,366
3016,848889356,364
3017,11501378,363
3018,848890393,360
3019,848888863,360
3020,11464865,360
3021,509263,359
3022,11245065,359
3023,11520932,358
3024,11573661,357
3025,11595513,356
3026,11592264,354
3027,11446907,354
3028,848889597,350
3029,11457485,350
3030,11448180,349
3031,9979858,348
3032,848891967,348
3033,8956418,347
3034,11382771,347
3035,11602220,346
3036,11483589,346
3037,9050914,343
3038,848895603,343
3039,11479779,340
3040,848893763,340
3041,11602631,340
3042,848894771,340
3043,3349541,340
3044,7948302,340
3045,4774537,340
3046,11261147,339
3047,11590615,339
3048,11602953,338
3049,11595942,337
3050,11464882,333
3051,848895376,332
3052,848895697,332
3053,11499347,330
3054,11461068,329
3055,848889854,328
3056,848891817,327
3057,11584103,326
3058,848891035,326
3059,4015400,324
3060,11055722,323
3061,9777237,322
3062,11532820,322
3063,3786826,320
3064,848886921,320
3065,11543386,320
3066,11591936,317
3067,11574778,316
3068,11576026,314
3069,11576671,314
3070,11458939,314
3071,848892168,313
3072,11602714,311
3073,7607052,311
3074,11593700,310
3075,848889175,310
3076,848887588,308
3077,11475746,307
3078,848886096,307
3079,848893282,306
3080,11487444,305
3081,3542945,305
3082,848886238,305
3083,2859033,304
3084,795499,303
3085,11484952,301
3086,1024742,300
3087,7731521,300
3088,11445177,300
3089,11593119,300
3090,848891807,300
3091,848890717,300
3092,848889163,300
3093,9158573,299
3094,848887751,298
3095,11497962,298
3096,11230723,297
3097,11407722,297
3098,11489715,297
3099,4596450,296
3100,11532690,295
3101,11245940,295
3102,848892283,294
3103,11525579,294
3104,11349228,293
3105,2529286,293
3106,608660,292
3107,11494369,292
3108,11501377,292
3109,11396732,291
3110,11438053,290
3111,11578041,290
3112,11397577,289
3113,10425053,288
3114,11476860,287
3115,10625580,285
3116,9569607,284
3117,11288084,284
3118,848895520,283
3119,11603931,283
3120,848894394,283
3121,11537613,281
3122,848894441,281
3123,848893161,281
3124,11464622,280
3125,848895237,280
3126,11198570,280
3127,11552787,280
3128,848886555,280
3129,9715852,278
3130,11368171,277
3131,803518,276
3132,848890210,276
3133,8049221,275
3134,11480822,274
3135,848887321,272
3136,848894006,272
3137,11536701,272
3138,9864783,271
3139,9898154,271
3140,848889749,270
3141,848888005,270
3142,11442901,268
3143,9022344,268
3144,11454448,267
3145,848885655,267
3146,9137844,265
3147,8515712,265
3148,762557,265
3149,11599852,265
3150,848892755,264
3151,10350311,264
3152,266832,262
3153,848887125,262
3154,9764492,261
3155,11599464,260
3156,11467701,260
3157,848885086,260
3158,11477918,260
3159,991478,260
3160,848894078,260
3161,848887281,260
3162,1689189,259
3163,11560758,258
3164,848887641,257
3165,11285149,256
3166,11400101,256
3167,9754162,256
3168,848892622,256
3169,570362,256
3170,11569519,253
3171,848887322,253
3172,11602924,253
3173,11601753,253
3174,11509973,253
3175,848890682,253
3176,3702315,252
3177,9746445,252
3178,11514978,252
3179,9054138,251
3180,11502422,250
3181,11591889,248
3182,848887082,248
3183,10915148,248
3184,11477108,247
3185,11496364,247
3186,10585605,246
3187,9394059,245
3188,11527491,245
3189,848892808,242
3190,11323054,242
3191,11601842,242
3192,9518573,242
3193,11472458,241
3194,848894017,240
3195,11475453,240
3196,848894888,240
3197,11545656,239
3198,848889953,239
3199,11601568,239
3200,848890524,237
3201,10986878,236
3202,11563491,236
3203,11602729,235
3204,848889204,234
3205,848885647,234
3206,11603419,233
3207,11283569,232
3208,7933151,232
3209,848892655,232
3210,848891582,232
3211,848887369,232
3212,848892423,232
3213,848886924,232
3214,11527313,231
3215,11173525,231
3216,11388745,229
3217,11062763,229
3218,11532294,229
3219,11489332,228
3220,848890776,228
3221,10094688,228
3222,848895766,228
3223,4735412,228
3224,11603285,228
3225,848891685,228
3226,11469260,228
3227,848884139,227
3228,11382832,226
3229,11442713,226
3230,848891131,224
3231,848891313,223
3232,848882893,223
3233,11548217,222
3234,11598654,221
3235,848894379,221
3236,848883262,220
3237,11210336,220
3238,11540057,220
3239,11549725,220
3240,848888839,219
3241,11498354,219
3242,8561445,219
3243,9954918,218
3244,11452220,217
3245,848891938,217
3246,1883903,216
3247,848887885,216
3248,11307299,215
3249,1896318,213
3250,848893459,213
3251,11561736,213
3252,1916197,212
3253,848883866,212
3254,9844600,210
3255,10557610,210
3256,10932182,210
3257,848892955,209
3258,11494151,209
3259,10208882,209
3260,11467420,208
3261,10872030,208
3262,848894822,202
3263,848889153,201
3264,848893774,201
3265,848888291,201
3266,11513446,201
3267,11466721,200
3268,2022011,200
3269,2928875,200
3270,848895561,200
3271,10866507,200
3272,4300546,200
3273,11540091,198
3274,9874208,197
3275,848893967,197
3276,4598954,196
3277,11477238,195
3278,11584853,195
3279,11577091,194
3280,848888666,193
3281,11587035,193
3282,11361999,193
3283,11602358,192
3284,848891671,192
3285,10130348,192
3286,848888262,191
3287,11599906,191
3288,11337018,191
3289,11387629,189
3290,11225915,189
3291,11590505,189
3292,848894683,188
3293,9324586,188
3294,11408297,188
3295,11162868,188
3296,4184131,188
3297,848883522,188
3298,848890011,188
3299,11447039,186
3300,848893852,186
3301,11515336,186
3302,848895030,185
3303,848894025,185
3304,1821987,185
3305,848895288,184
3306,11483196,184
3307,848885319,184
3308,11505456,184
3309,10016824,184
3310,11603626,184
3311,11561612,183
3312,4297588,182
3313,848892277,182
3314,10146762,182
3315,9750905,182
3316,3456825,181
3317,11602152,181
3318,848893658,180
3319,3304286,180
3320,848888064,180
3321,11597759,180
3322,11540994,180
3323,848895338,180
3324,848892790,180
3325,11560873,180
3326,11600444,180
3327,11514701,180
3328,848893556,180
3329,11599747,178
3330,848891729,176
3331,11603868,176
3332,11412248,176
3333,10832394,175
3334,848894164,175
3335,11293173,175
3336,11451549,175
3337,11036953,175
3338,848884534,174
3339,848895556,174
3340,4000330,172
3341,848896245,171
3342,11603406,171
3343,848894249,171
3344,7594607,171
3345,10071038,170
3346,4540197,170
3347,848885214,170
3348,848893278,169
3349,11579399,169
3350,11345866,169
3351,10825509,166
3352,9400296,166
3353,848888181,165
3354,9980464,164
3355,11482977,164
3356,9941317,164
3357,848894985,163
3358,1883794,163
3359,10546157,163
3360,8094447,162
3361,9863248,162
3362,11502279,162
3363,848885333,161
3364,9275734,161
3365,11515040,161
3366,11321595,161
3367,11366140,160
3368,11579160,160
3369,11508615,160
3370,7520194,159
3371,848886783,158
3372,178728,157
3373,848891853,156
3374,848893345,156
3375,11222538,156
3376,11390215,156
3377,848894360,156
3378,11596061,155
3379,848892156,154
3380,4592307,154
3381,11486738,154
3382,11378405,154
3383,10777281,154
3384,11309079,154
3385,3913047,153
3386,11601835,153
3387,11231657,153
3388,848884890,152
3389,11601181,152
3390,848895647,152
3391,11598511,150
3392,11470893,150
3393,9775168,149
3394,11524590,148
3395,11600246,148
3396,11031013,147
3397,848886404,147
3398,11588911,145
3399,848894114,145
3400,9869333,145
3401,11602550,144
3402,848893152,144
3403,11600034,144
3404,11425532,144
3405,11538045,143
3406,848893143,141
3407,11347309,140
3408,11599283,140
3409,11543038,140
3410,11481109,139
3411,11337403,138
3412,11593094,138
3413,848886969,138
3414,848893016,136
3415,11589982,136
3416,848889541,135
3417,848893344,135
3418,848895387,135
3419,7482148,135
3420,9428205,134
3421,848895916,134
3422,848887150,134
3423,11594205,132
3424,11311283,132
3425,11202423,132
3426,848893936,131
3427,10279622,131
3428,11398399,131
3429,848895838,130
3430,848895514,130
3431,848888415,130
3432,10081862,130
3433,848894725,130
3434,11382951,130
3435,11432388,130
3436,848889386,130
3437,2963479,129
3438,11548963,128
3439,848888986,128
3440,9643866,127
3441,848885168,127
3442,848888171,127
3443,11585798,127
3444,11579008,126
3445,241332,126
3446,131000,126
3447,848887362,126
3448,11515257,126
3449,11601832,125
3450,9669713,125
3451,848891452,124
3452,11515649,124
3453,11543840,124
3454,4001680,124
3455,848879128,123
3456,848885978,123
3457,848890662,123
3458,11478139,123
3459,8235085,123
3460,848890247,123
3461,848891693,123
3462,2047503,122
3463,11604229,122
3464,8811596,122
3465,848893449,122
3466,11491030,121
3467,9175557,121
3468,1704209,121
3469,848894752,121
3470,848886412,120
3471,11598527,119
3472,11518998,119
3473,11431164,118
3474,848895332,117
3475,848883143,116
3476,11590006,116
3477,9498770,116
3478,11116419,115
3479,848890678,115
3480,10342025,115
3481,7598597,115
3482,848895836,114
3483,11482587,114
3484,4610537,113
3485,10256288,113
3486,848895209,113
3487,848896189,113
3488,848886174,112
3489,930932,112
3490,11556337,112
3491,1225460,112
3492,848894424,110
3493,10878917,110
3494,11436513,110
3495,9111045,110
3496,9558321,110
3497,848887927,110
3498,11596667,109
3499,11562664,108
3500,848885259,108
3501,848895045,108
3502,8226535,107
3503,848888470,106
3504,10508058,105
3505,11476488,105
3506,848893103,105
3507,11594082,105
3508,7626998,105
3509,11602976,105
3510,11603897,104
3511,162631,104
3512,11588826,103
3513,848885539,103
3514,11599949,102
3515,11533757,102
3516,10003148,101
3517,7522190,101
3518,1443996,101
3519,592622,101
3520,11561270,100
3521,9384767,100
3522,8997384,100
3523,848896064,100
3524,11603344,99
3525,11542195,99
3526,848894973,99
3527,11482081,98
3528,3821898,98
3529,3263937,98
3530,11495632,98
3531,9143477,96
3532,848890127,96
3533,848891734,95
3534,11495020,95
3535,848885359,95
3536,11469465,95
3537,10844654,94
3538,11489574,94
3539,9790959,94
3540,10647336,94
3541,848894520,94
3542,848889952,94
3543,138692,94
3544,848894831,94
3545,848882548,93
3546,848895735,92
3547,848887761,92
3548,11198338,92
3549,11601231,92
3550,7709637,91
3551,11602703,90
3552,9564288,90
3553,10575740,90
3554,11598659,90
3555,8589227,90
3556,848890614,90
3557,848893264,90
3558,848887034,90
3559,11363141,90
3560,11497547,90
3561,848893324,90
3562,848884905,90
3563,848894508,90
3564,11600509,90
3565,848893456,90
3566,848885300,90
3567,848890539,90
3568,848895870,90
3569,848895999,90
3570,11381975,90
3571,11536302,89
3572,848893475,89
3573,11423304,88
3574,848882982,87
3575,7691806,87
3576,11573865,86
3577,848893426,86
3578,11410003,86
3579,11189631,85
3580,10527075,85
3581,11587799,84
3582,11522371,84
3583,11458967,84
3584,848888706,84
3585,8346072,84
3586,848884893,84
3587,11436003,84
3588,848882601,83
3589,11583525,83
3590,848885779,83
3591,11458461,83
3592,11388062,83
3593,11395263,83
3594,10509474,83
3595,11478263,82
3596,11585672,81
3597,848895359,81
3598,10907575,81
3599,3323530,81
3600,11578280,80
3601,11583728,80
3602,848894757,80
3603,848891027,80
3604,8129844,80
3605,11371069,80
3606,7814685,80
3607,865655,80
3608,848891314,80
3609,11549716,79
3610,10160085,79
3611,10401500,79
3612,4233564,79
3613,10869377,79
3614,848887066,78
3615,848893877,78
3616,11596976,77
3617,11599127,77
3618,11413825,77
3619,9536782,77
3620,9967074,76
3621,11543769,75
3622,11521489,75
3623,848886532,75
3624,11591290,75
3625,11457651,75
3626,7961517,75
3627,11603605,74
3628,11472204,74
3629,9527355,74
3630,848889214,74
3631,848885265,73
3632,848886173,73
3633,11492559,73
3634,11567327,73
3635,9968739,72
3636,9999203,72
3637,11457497,72
3638,848893603,72
3639,11536705,72
3640,11475029,72
3641,11517797,72
3642,11434157,72
3643,11350208,72
3644,11116580,72
3645,11528482,71
3646,848884657,71
3647,11593777,71
3648,11301586,71
3649,848894049,70
3650,11507391,70
3651,11601975,70
3652,1050249,70
3653,10308663,69
3654,11595320,69
3655,104036,69
3656,848888166,69
3657,11445618,69
3658,11376482,69
3659,3810618,68
3660,11485192,68
3661,11575715,68
3662,11173069,68
3663,11510821,68
3664,848893399,68
3665,11354157,67
3666,2079950,67
3667,4778240,67
3668,11600375,67
3669,848887126,66
3670,11597180,66
3671,848894648,66
3672,11408167,66
3673,848886643,66
3674,9727669,65
3675,11117996,65
3676,848896085,65
3677,11578368,65
3678,11597027,65
3679,2910910,64
3680,848891579,64
3681,848895705,63
3682,848888465,63
3683,575430,63
3684,848894905,63
3685,848894763,63
3686,11534999,62
3687,848890281,62
3688,11450011,62
3689,848892982,62
3690,11116616,62
3691,4400005,61
3692,11582311,61
3693,11563229,61
3694,4607526,61
3695,848896206,61
3696,11473930,61
3697,848894428,61
3698,11482751,61
3699,848894262,60
3700,11560401,60
3701,848890007,59
3702,848884225,59
3703,11574210,59
3704,848884194,59
3705,11382265,59
3706,848889896,59
3707,10387867,58
3708,10976617,58
3709,4749117,58
3710,4106933,58
3711,3614177,57
3712,11515061,57
3713,11481605,57
3714,848882575,57
3715,10610027,56
3716,11386823,56
3717,524468,56
3718,848895458,56
3719,3894841,56
3720,848894839,54
3721,11422636,54
3722,11319233,54
3723,11459855,54
3724,848891432,54
3725,11462827,53
3726,848893238,53
3727,3320857,53
3728,848883707,53
3729,11591302,52
3730,11458252,52
3731,848893914,52
3732,11582002,52
3733,182960,52
3734,11219365,52
3735,848894641,52
3736,11584742,52
3737,1271696,51
3738,848888215,51
3739,11518282,51
3740,4076156,50
3741,848889842,50
3742,848892400,50
3743,11587942,50
3744,11592376,50
3745,848888851,50
3746,11535206,50
3747,848895552,50
3748,11455584,49
3749,9559113,49
3750,8616160,49
3751,3978410,49
3752,11545417,49
3753,11315804,49
3754,9488426,49
3755,7901677,48
3756,848884216,48
3757,848889415,48
3758,848894547,48
3759,11346597,48
3760,11561370,48
3761,11268329,48
3762,4774046,47
3763,848884142,47
3764,11481794,47
3765,11549408,47
3766,4671802,46
3767,848896499,46
3768,11580731,46
3769,848892396,46
3770,11578795,45
3771,10058992,45
3772,3456477,45
3773,848893203,45
3774,9944729,45
3775,848894546,45
3776,848890793,45
3777,848896539,45
3778,8591220,44
3779,2703807,44
3780,11350998,44
3781,848893436,44
3782,11445458,44
3783,11482104,44
3784,11482855,44
3785,816231,44
3786,848892204,44
3787,848893897,43
3788,7683705,43
3789,848891589,43
3790,848894229,43
3791,1584670,43
3792,848893259,42
3793,10981901,42
3794,9812061,42
3795,11486325,41
3796,11122356,41
3797,11033911,40
3798,11401905,40
3799,11482620,40
3800,848894534,40
3801,11453925,40
3802,11546100,40
3803,848896092,40
3804,1481014,40
3805,10030418,40
3806,848893968,40
3807,848892673,40
3808,848886494,40
3809,11111389,40
3810,848893006,40
3811,838821,40
3812,848886828,40
3813,848891646,40
3814,2632667,40
3815,10368269,40
3816,11602531,40
3817,11491352,40
3818,11603541,40
3819,8008687,40
3820,848893989,40
3821,7812105,40
3822,11579752,40
3823,848883920,40
3824,11485676,40
3825,7762723,40
3826,11594215,40
3827,388007,40
3828,535805,40
3829,11462584,40
3830,11474594,40
3831,10265807,39
3832,11457782,39
3833,10578266,38
3834,9373633,38
3835,3084923,38
3836,11474172,37
3837,11458869,36
3838,11580443,36
3839,11470986,36
3840,11427317,36
3841,11600490,36
3842,848894977,36
3843,848887984,36
3844,3108064,36
3845,11472757,36
3846,9943357,36
3847,11415644,36
3848,11475874,36
3849,848894966,36
3850,10845623,36
3851,848895294,36
3852,848889247,35
3853,9737390,35
3854,11589440,35
3855,10894401,35
3856,848884178,35
3857,10308855,35
3858,8652911,35
3859,10637150,34
3860,10184473,34
3861,9639484,34
3862,1388540,34
3863,11418206,34
3864,848887755,34
3865,11463871,34
3866,848888499,34
3867,11542696,34
3868,848893705,33
3869,11348740,33
3870,10050537,33
3871,848896637,32
3872,11498813,32
3873,10748337,32
3874,11581950,32
3875,848891079,31
3876,848893859,31
3877,11589623,31
3878,11589034,31
3879,7907731,31
3880,848894826,31
3881,11343056,31
3882,11494162,31
3883,11524392,30
3884,11001765,30
3885,11540871,30
3886,848891348,30
3887,848895933,30
3888,848885967,30
3889,11432631,30
3890,767612,30
3891,11600507,30
3892,9770376,29
3893,11572929,29
3894,848891541,29
3895,848889708,28
3896,11418451,28
3897,848892184,28
3898,11603654,28
3899,848886041,28
3900,11465522,28
3901,848885350,28
3902,11565301,28
3903,11544821,28
3904,11408411,28
3905,848891170,28
3906,11465378,27
3907,11477703,27
3908,11489701,27
3909,4634151,27
3910,11304604,27
3911,11396151,27
3912,11569106,27
3913,1026548,27
3914,11522566,27
3915,11446822,26
3916,848894005,26
3917,11454219,26
3918,848892111,26
3919,9618656,26
3920,11382235,25
3921,11602470,25
3922,11326621,25
3923,11489259,25
3924,11541826,25
3925,11506963,25
3926,11602236,25
3927,11603057,25
3928,11404424,25
3929,11585923,24
3930,1046638,24
3931,11552415,24
3932,848894432,24
3933,10078112,24
3934,848892857,23
3935,4784936,23
3936,9132843,23
3937,4113025,23
3938,11366092,23
3939,11586893,23
3940,10841921,23
3941,848892054,23
3942,848889467,23
3943,11599684,23
3944,848895062,23
3945,848887872,22
3946,10793521,22
3947,11467915,22
3948,848894523,22
3949,4688889,22
3950,11470663,22
3951,848883317,22
3952,848886821,21
3953,11454307,21
3954,848892907,21
3955,11275369,21
3956,11334022,20
3957,848895059,20
3958,11119418,20
3959,8516612,20
3960,11485453,20
3961,848894815,20
3962,11511376,20
3963,10788961,20
3964,11392673,20
3965,11601989,20
3966,10735289,20
3967,9718929,20
3968,13936,20
3969,10576043,20
3970,11461431,19
3971,3199806,19
3972,848894051,18
3973,3521170,18
3974,110622,18
3975,10523234,18
3976,11400011,18
3977,802313,18
3978,848891300,18
3979,203303,18
3980,848892484,18
3981,11600250,18
3982,9616854,18
3983,11489564,18
3984,11402800,18
3985,11586086,18
3986,848889668,18
3987,848895668,18
3988,11593779,18
3989,848896599,18
3990,11546458,18
3991,7765546,18
3992,11600755,18
3993,848895739,18
3994,11457623,18
3995,11540383,18
3996,8601150,18
3997,848894987,17
3998,11478963,17
3999,11436491,17
4000,10251480,17
4001,848888528,17
4002,848895027,17
4003,848894166,17
4004,11567696,17
4005,11438480,16
4006,10745710,16
4007,848894174,16
4008,11594086,16
4009,10016871,16
4010,11527470,16
4011,11188179,15
4012,11551518,15
4013,11479430,15
4014,848893516,15
4015,11446813,15
4016,9524292,15
4017,11598746,15
4018,817998,15
4019,848896181,15
4020,9971387,14
4021,4392415,14
4022,11557310,14
4023,848894042,14
4024,848895029,14
4025,848894097,14
4026,10144642,14
4027,848892966,14
4028,848896271,13
4029,848893156,13
4030,9510968,13
4031,11467327,13
4032,848892182,13
4033,11587631,13
4034,848892331,13
4035,848893961,13
4036,3250489,13
4037,10202332,13
4038,1995963,13
4039,11506944,12
4040,11590576,12
4041,848890744,12
4042,11531970,12
4043,10238481,12
4044,11489754,12
4045,11562463,12
4046,848889400,12
4047,848892713,12
4048,848891236,12
4049,7876033,12
4050,10742302,12
4051,11132105,11
4052,11585775,11
4053,11407507,10
4054,11445493,10
4055,11598818,10
4056,848893113,10
4057,7851437,10
4058,848894260,10
4059,11602351,10
4060,848887248,10
4061,11484867,10
4062,848885557,10
4063,9890194,10
4064,11381254,10
4065,11547458,10
4066,1322456,10
4067,8954302,10
4068,11386359,10
4069,11475319,9
4070,11489850,9
4071,11503771,9
4072,7755147,9
4073,848894947,9
4074,11456648,9
4075,848894421,9
4076,11434854,9
4077,10878628,9
4078,9805590,9
4079,848889329,9
4080,848896443,9
4081,10630639,9
4082,848896602,9
4083,11596587,9
4084,848893155,9
4085,11602318,9
4086,11569416,9
4087,848895505,9
4088,10295407,9
4089,365110,9
4090,11566472,9
4091,11506383,9
4092,848892481,9
4093,848888397,9
4094,848890133,9
4095,848894269,9
4096,11436351,9
4097,848896302,9
4098,11037750,9
4099,848888163,9
4100,11557015,9
4101,11479206,9
4102,11563820,9
4103,11591316,9
4104,848894969,9
4105,848891856,9
4106,11273727,9
4107,848890315,9
4108,11551663,9
4109,11564485,8
4110,11061219,8
4111,11476655,8
4112,11589507,8
4113,11548212,8
4114,11416253,8
4115,8068898,8
4116,10151765,8
4117,11291357,8
4118,11376091,8
4119,848894755,8
4120,848894927,8
4121,11603925,8
4122,10917672,8
4123,9670541,8
4124,9342415,8
4125,11466538,8
4126,11583813,8
4127,848893839,8
4128,11481206,8
4129,848894769,8
4130,848889763,8
4131,3916550,8
4132,848887434,8
4133,8246770,8
4134,11562791,8
4135,11468029,8
4136,11556943,8
4137,848894333,8
4138,11358416,7
4139,11503966,7
4140,10384611,6
4141,10537427,6
4142,848882844,6
4143,848895590,5
4144,10857192,5
4145,11489777,5
4146,7938947,5
4147,11465065,5
4148,11584693,5
4149,848884958,5
4150,848885325,5
4151,11485996,5
4152,848888880,5
4153,4765038,5
4154,11603091,5
4155,11015252,5
4156,11313797,5
4157,848895826,5
4158,10279653,5
4159,848890514,5
4160,11567143,5
4161,1172108,5
4162,9872471,5
4163,11596789,5
4164,9991266,5
4165,10596056,5
4166,9725990,5
4167,10701310,5
4168,9923566,5
4169,11604132,5
4170,11547638,5
4171,11528979,5
4172,848893673,5
4173,3572923,5
4174,11538331,4
4175,848896148,4
4176,10978128,4
4177,11512214,4
4178,11531205,4
4179,11455635,4
4180,11467949,4
4181,11536795,4
4182,70886,4
4183,3707481,4
4184,848893970,4
4185,1047404,4
4186,848895998,4
4187,11518033,4
4188,11525270,4
4189,450223,4
4190,848894599,4
4191,848886288,4
4192,848891594,4
4193,10095666,4
4194,11406783,4
4195,11507995,4
4196,8499484,4
4197,69313,4
4198,368152,4
4199,848890144,4
4200,848894285,4
4201,848895975,4
4202,11453903,4
4203,848892841,4
4204,11295245,4
4205,848894575,4
4206,848894803,4
4207,9287097,4
4208,11469655,4
4209,848891106,4
4210,848891494,4
4211,11596791,4
4212,11585783,4
4213,4479968,4
4214,848896304,4
4215,2145250,4
4216,848892831,4
4217,11588598,4
4218,3900001,4
4219,11563951,4
4220,11602254,4
4221,10577924,4
4222,848890798,4
4223,11487401,4
4224,848891055,4
4225,11525988,4
4226,9456331,4
4227,848889225,4
4228,3797904,4
4229,11440038,4
4230,1009756,4
4231,10735961,4
4232,11595227,4
4233,11024396,4
4234,848882559,4
4235,11091514,4
4236,10155570,4
4237,9466514,4
4238,3475391,4
4239,522356,4
4240,9739122,4
4241,11565714,4
4242,11567401,4
4243,848892397,4
4244,11532399,4
4245,11537301,4
4246,3745851,4
4247,8663354,4
4248,848892029,4
4249,11483499,4
4250,11578349,4
4251,848887609,4
4252,11085298,4
4253,11458373,4
4254,11585747,4
4255,3470889,4
4256,848885887,4
4257,10689189,4
4258,11449186,4
4259,848896284,4
4260,11476819,4
4261,11489711,4
4262,1564590,4
4263,848887147,4
4264,848896509,4
4265,11004230,4
4266,11379605,4
4267,7921218,4
4268,848892867,4
4269,10179687,4
4270,11473978,3
4271,11462671,3
4272,9892348,2
4273,3546174,1
4274,848894030,1
4275,9966082,1
4276,848886984,1
4277,10144050,1
