3,1,4228886
32,2,972723
288,3,30758
261,4,44892
351,8,14222
46,12,662737
17,13,1852739
132,23,182491
95,25,273268
12,28,2272203
2,29,5484369
26,31,1282400
238,32,57110
22,34,1583956
77,35,345029
241,38,54780
5,40,2998112
63,45,451549
166,47,131979
339,48,16460
123,50,202048
434,51,4246
38,54,816702
20,56,1785847
203,58,82052
225,59,64322
50,61,575138
70,64,391864
388,73,8540
102,74,258175
204,86,80476
29,87,1200251
143,89,156750
116,92,216720
9,94,2490012
88,98,294519
251,103,51161
152,105,148603
340,112,16438
373,116,10586
192,118,94944
567,121,208
31,130,989757
315,137,21812
242,138,54745
248,139,52523
65,143,419670
1,147,8057343
118,155,212519
30,158,1147891
144,159,155345
27,166,1256058
482,170,1860
215,173,71812
201,177,82844
7,181,2604825
67,182,405191
358,185,12390
147,191,152585
451,192,3181
69,193,391922
72,197,366855
10,198,2395004
121,199,206619
183,200,110426
21,202,1640335
91,208,278124
211,211,75762
145,221,154508
181,226,114155
222,249,65449
44,252,682994
51,270,539709
368,272,10835
18,274,1818840
45,279,669268
289,288,30676
232,300,60231
79,307,342477
464,308,2451
430,311,4632
265,314,42576
54,320,533218
66,324,410307
138,328,165160
33,342,965046
503,347,1040
176,351,121210
156,355,145060
140,357,162856
58,363,501702
110,365,221367
517,371,825
595,377,104
272,384,38874
136,386,172023
14,391,2136817
186,392,102252
103,397,252739
320,403,19928
443,410,3711
205,416,77425
235,420,58926
409,422,6252
259,424,47138
230,432,61559
397,433,7451
15,442,2007007
108,444,237774
361,446,11778
43,449,690848
160,452,140532
321,454,19820
149,458,151702
92,461,278041
178,464,119499
96,469,271979
392,479,8002
273,481,38136
317,490,21661
137,491,167243
213,494,73223
154,500,146306
169,505,125327
390,518,8167
60,526,476838
393,528,7753
139,535,164009
199,537,85000
305,546,23230
244,553,53955
538,556,429
155,562,145880
86,564,300296
35,576,957304
313,577,21827
120,578,206775
127,582,190772
240,584,55456
370,586,10677
253,591,49892
177,600,120139
11,601,2281696
294,611,28627
529,616,589
74,617,360152
24,618,1346022
111,621,220651
469,628,2312
207,633,76678
19,635,1788530
128,640,190249
364,645,11501
304,647,23828
47,648,629180
217,651,69719
387,652,8551
234,653,59293
306,654,22715
284,655,31766
470,656,2302
209,669,76615
255,675,49597
544,678,373
345,679,15007
174,683,123397
189,693,98122
98,699,265369
52,708,535751
57,711,502120
114,715,219876
276,719,35495
180,721,114192
165,734,131982
545,736,371
89,742,285218
64,748,437511
319,754,19934
377,756,10177
523,757,722
87,764,298888
540,776,423
245,778,53665
446,788,3596
254,799,49876
329,803,17545
297,821,26692
308,826,22545
283,835,32221
224,839,64851
342,851,15314
167,858,127850
427,859,4835
475,867,2141
473,869,2222
295,871,27517
324,874,18920
68,885,395925
349,886,14596
568,891,206
396,901,7452
582,903,163
311,906,22181
246,915,53373
485,918,1770
551,924,328
346,932,14933
350,935,14393
403,938,6699
37,941,874953
13,943,2185803
42,945,701352
112,948,220572
354,959,13833
435,964,4177
509,966,970
206,967,77315
105,969,243356
400,984,6762
8,985,2570845
334,986,16951
187,987,101764
53,993,535533
141,1014,162366
375,1018,10314
129,1021,187718
444,1029,3691
229,1031,62629
151,1043,149344
4,1052,3584961
131,1065,182767
94,1069,273588
226,1081,64118
170,1084,125116
23,1088,1516525
48,1097,591600
16,1098,1886078
25,1100,1322022
62,1101,469267
237,1103,58325
134,1108,176526
554,1115,310
277,1119,35073
190,1134,97786
440,1141,3872
402,1144,6738
461,1146,2597
491,1155,1375
194,1166,92039
301,1173,24502
512,1177,872
353,1181,13997
502,1185,1058
527,1187,593
113,1195,220328
316,1196,21662
270,1198,40072
278,1207,35025
325,1224,18793
182,1225,113456
157,1228,144504
369,1244,10807
386,1255,8723
41,1256,716242
195,1258,91978
341,1265,16296
532,1267,534
262,1273,44648
146,1283,154187
335,1311,16614
119,1319,210227
483,1325,1860
75,1326,357185
269,1333,40853
55,1337,519939
510,1340,964
285,1341,31579
536,1352,476
76,1353,353718
366,1375,10874
34,1383,958137
249,1386,52275
303,1392,24189
263,1394,43897
516,1399,828
557,1402,290
282,1409,32960
591,1429,117
419,1431,5358
347,1435,14873
378,1436,10026
537,1441,448
543,1448,403
200,1452,84500
445,1461,3612
126,1464,198252
71,1469,380741
460,1472,2631
367,1479,10845
162,1480,135505
355,1481,13620
616,1505,18
558,1517,285
441,1523,3816
590,1528,121
6,1534,2989427
490,1543,1392
395,1549,7571
601,1550,81
585,1552,139
323,1555,19582
429,1559,4772
256,1562,49185
497,1573,1197
99,1577,263695
414,1589,5671
202,1590,82333
198,1599,86897
159,1616,143490
175,1621,122234
267,1647,41947
424,1650,5080
374,1657,10461
287,1672,30880
604,1673,66
439,1680,3950
496,1681,1300
546,1698,369
100,1709,262991
93,1710,277558
250,1713,51237
142,1721,161479
318,1725,20938
498,1730,1173
474,1733,2158
449,1736,3346
299,1742,25438
153,1758,146435
384,1762,9211
365,1765,11028
462,1768,2562
168,1771,127078
163,1802,134838
258,1806,47484
553,1808,325
454,1812,3075
173,1817,123624
382,1821,9237
526,1824,619
59,1828,494263
40,1846,722612
420,1854,5356
426,1855,4881
212,1877,74528
193,1881,93636
615,1889,18
97,1901,271624
467,1902,2353
148,1909,151713
268,1914,41364
433,1926,4357
381,1930,9462
124,1936,200876
480,1939,2027
352,1942,14216
501,1946,1064
216,1950,70784
363,1955,11536
266,1960,42350
328,1961,17912
442,1981,3757
78,1999,343434
179,2000,119239
296,2001,26917
61,2006,476030
28,2009,1255653
161,2021,136796
280,2023,33369
221,2026,66993
164,2043,132587
425,2053,5001
362,2054,11586
344,2055,15072
85,2062,310871
528,2070,591
84,2077,311326
291,2082,30310
484,2085,1847
348,2086,14659
408,2087,6273
247,2090,52955
326,2093,18735
228,2094,62744
412,2097,5972
389,2098,8408
521,2105,775
477,2106,2097
56,2107,516573
109,2126,225029
337,2133,16513
130,2138,186467
338,2144,16477
417,2148,5443
331,2149,17333
158,2154,143934
406,2158,6483
371,2160,10640
236,2165,58392
573,2171,193
243,2172,53957
39,2182,734339
188,2186,100244
431,2193,4554
208,2196,76671
171,2207,124784
125,2215,199522
220,2224,67738
309,2228,22536
330,2238,17403
383,2241,9223
83,2251,320852
500,2252,1128
356,2256,12883
401,2261,6750
260,2262,45663
508,2274,984
524,2275,713
564,2277,223
506,2278,1014
612,2281,22
81,2283,340028
606,2286,58
531,2287,547
135,2288,174677
405,2307,6651
322,2308,19596
257,2322,47841
495,2323,1318
552,2327,327
623,2329,10
90,2335,281278
577,2337,179
104,2339,245398
583,2343,150
218,2347,69452
492,2351,1370
463,2352,2560
307,2354,22678
302,2357,24436
80,2359,341536
49,2360,587419
185,2361,105241
327,2362,18453
614,2363,20
507,2364,990
292,2368,29879
398,2369,7403
505,2375,1016
281,2377,33240
465,2383,2437
310,2385,22283
478,2388,2065
625,2394,4
184,2395,107029
598,2410,100
239,2415,55801
534,2416,482
458,2422,2746
447,2423,3449
231,2429,60466
380,2435,9489
457,2436,2947
499,2443,1141
359,2444,12058
518,2445,823
422,2446,5260
472,2453,2278
494,2454,1354
394,2455,7628
455,2458,3000
391,2460,8114
423,2462,5228
416,2464,5530
618,2468,13
333,2469,17086
196,2470,89851
456,2473,2972
223,2474,65026
271,2476,39292
399,2477,6879
117,2478,215567
597,2480,103
584,2481,148
515,2496,831
525,2499,682
298,2508,25699
600,2510,94
486,2513,1530
274,2529,37974
407,2534,6307
448,2535,3394
438,2539,4010
133,2554,177648
594,2555,105
343,2558,15121
300,2560,24936
522,2564,740
279,2566,33395
372,2569,10588
172,2572,123637
379,2574,9778
479,2578,2030
73,2580,363688
511,2582,886
627,2589,2
450,2592,3305
264,2596,43704
360,2601,12020
563,2602,225
275,2603,35896
453,2607,3088
513,2608,855
82,2615,328946
476,2621,2114
437,2623,4063
549,2627,355
530,2644,562
539,2648,426
599,2651,98
468,2660,2313
589,2661,124
336,2662,16539
603,2663,66
410,2666,6135
504,2676,1024
487,2678,1459
608,2679,55
36,2680,913026
481,2683,1938
493,2684,1356
122,2689,202372
314,2692,21812
428,2694,4786
452,2696,3091
592,2697,111
286,2700,31368
191,2706,96302
466,2707,2376
107,2709,238061
514,2712,836
436,2716,4168
550,2725,353
559,2727,280
520,2739,809
101,2746,259161
562,2749,235
587,2750,128
613,2755,22
593,2756,106
411,2759,5992
628,2761,2
574,2764,187
607,2766,56
588,2771,126
547,2772,364
471,2773,2284
565,2775,212
233,2776,59413
602,2777,78
548,2778,355
581,2785,166
332,2793,17129
580,2796,170
115,2797,219848
622,2800,10
290,2801,30560
575,2802,182
609,2803,42
106,2810,242350
418,2814,5407
197,2820,88202
576,2824,182
572,2833,194
596,2834,104
569,2837,200
620,2839,12
376,2840,10293
214,2841,73183
541,2845,416
555,2851,303
312,2854,22061
489,2855,1414
629,2856,2
578,2857,176
579,2859,170
556,2861,299
413,2862,5713
570,2866,199
404,2867,6660
566,2874,210
619,2880,12
626,2884,3
533,2887,500
605,2888,65
385,2892,8795
617,2893,16
611,2898,38
610,2901,38
415,2902,5653
519,2904,815
459,2910,2711
624,2919,8
219,2920,67791
560,2921,276
150,2924,151623
293,2939,29645
421,2941,5352
586,2967,130
210,2975,75924
561,2978,267
432,2982,4364
621,2984,10
252,2997,50099
571,3006,196
488,3008,1416
357,3019,12513
542,3021,413
227,3033,63854
535,3047,481
