19,1,2148984
12,2,3153361
166,3,39258
496,4,17
499,12,14
65,13,288863
71,23,254656
69,25,256077
27,28,1746963
7,29,3773389
63,31,302774
245,32,12036
50,34,572381
197,35,25774
147,38,54345
15,40,2930109
159,45,44212
157,47,44783
366,48,977
363,50,1009
132,54,77129
72,56,249328
356,58,1295
176,59,35639
120,61,87715
76,64,217015
294,73,3954
193,74,26323
225,86,17238
4,87,4402772
430,89,177
118,92,89967
16,94,2624504
251,98,11101
491,103,21
395,105,473
454,118,88
43,130,676151
506,137,8
205,138,22836
422,139,226
55,143,471027
3,147,4586947
45,155,649375
17,158,2589592
238,159,12719
13,166,3117206
175,173,35835
262,177,8878
26,181,1821046
29,182,1356012
357,185,1266
246,191,11965
178,193,34198
181,197,32416
41,198,736304
91,199,153887
189,200,28349
10,202,3406115
185,208,29709
261,211,8952
113,221,110012
116,226,93562
276,249,6274
84,252,181816
20,270,2113177
47,274,624789
33,279,916378
290,288,4399
444,300,121
39,307,752538
375,311,759
269,314,7608
121,320,87172
87,324,177301
200,328,25470
2,342,5447374
401,347,399
142,351,59855
303,355,3462
217,357,19656
5,363,4276647
38,365,782291
510,384,4
93,386,151601
14,391,3093503
289,392,4433
240,397,12374
405,403,354
512,410,4
131,416,79895
320,420,2487
164,432,40450
352,433,1434
8,442,3596617
92,444,153139
282,446,5400
103,449,122515
281,452,5407
397,454,457
139,458,68879
162,461,42416
230,464,15607
347,469,1586
511,479,4
268,481,7838
449,490,99
37,491,792100
297,494,3876
331,500,2116
231,505,15064
442,526,123
360,528,1073
183,535,31474
326,537,2263
80,546,193033
283,553,5336
260,562,9008
149,564,52820
107,576,118884
252,577,11029
192,578,26781
101,582,125388
219,584,19087
346,586,1590
236,591,13133
284,600,5211
112,601,110827
82,617,185256
81,618,192667
85,621,179659
277,633,6198
40,635,750220
59,640,398495
316,645,2663
502,647,10
203,648,23862
435,651,152
472,652,59
325,653,2286
437,654,133
418,655,251
307,669,3321
296,675,3926
258,679,9708
233,683,14931
167,693,39036
129,699,82045
24,708,1832175
64,711,295024
86,715,178551
319,719,2511
210,721,22151
180,734,32888
148,742,53957
52,748,553623
364,754,1009
177,756,35490
463,757,72
34,764,903903
407,799,340
443,826,122
194,839,26280
271,851,7203
35,858,864451
398,867,431
448,869,103
427,871,189
414,874,290
9,885,3559468
378,903,735
57,906,459301
298,915,3846
163,932,40585
468,935,62
31,941,1030840
6,943,3833528
25,945,1824821
134,948,75524
173,959,36491
202,967,24405
165,969,39695
310,984,3266
51,985,557770
306,986,3400
278,987,6087
109,993,116113
90,1014,155723
257,1021,9985
168,1029,38784
42,1031,729015
222,1043,17921
11,1052,3191396
212,1065,20835
28,1069,1392944
143,1081,59636
153,1084,49895
32,1088,935094
61,1097,341098
36,1098,853417
44,1100,668994
23,1101,1906632
399,1103,424
58,1108,449763
498,1119,14
336,1134,1832
456,1144,85
473,1146,57
477,1155,45
56,1166,461346
171,1173,37851
266,1181,8057
420,1185,243
130,1195,80026
267,1196,8001
474,1198,54
248,1207,11776
333,1225,1951
334,1228,1898
458,1244,83
309,1255,3274
96,1256,140492
218,1258,19120
314,1265,2817
241,1273,12351
67,1283,279379
190,1311,27080
70,1319,255404
224,1326,17353
74,1333,239134
97,1337,139787
179,1353,33421
88,1383,175102
243,1386,12191
280,1392,5874
295,1394,3951
324,1402,2314
275,1409,6323
381,1431,626
419,1435,246
300,1436,3556
160,1452,43607
95,1464,143763
144,1469,58100
470,1472,61
341,1479,1740
125,1480,83472
211,1481,21991
1,1534,7467881
216,1549,19676
457,1550,84
301,1555,3527
292,1559,4060
338,1562,1807
304,1573,3428
198,1577,25717
244,1589,12167
154,1590,48642
155,1599,48115
264,1621,8524
409,1647,302
201,1657,24415
436,1672,139
214,1673,20250
158,1709,44539
46,1710,630451
440,1713,123
196,1721,26043
328,1725,2205
412,1730,298
509,1733,4
299,1736,3647
380,1742,717
170,1758,38182
329,1762,2128
367,1768,960
105,1771,120643
229,1802,15934
207,1806,22440
213,1808,20319
513,1812,4
150,1817,51780
54,1828,482115
30,1846,1116137
465,1854,66
508,1855,5
242,1877,12333
102,1881,124240
133,1901,76277
467,1902,64
137,1909,70170
195,1914,26057
250,1930,11490
186,1936,29443
383,1942,618
480,1946,40
340,1950,1748
355,1955,1309
439,1960,123
204,1961,23672
514,1981,4
94,1999,146701
114,2000,99536
49,2006,578826
127,2009,82753
206,2021,22626
446,2023,115
263,2026,8797
60,2043,384490
447,2053,110
286,2054,4496
337,2055,1811
138,2062,69315
503,2070,9
89,2077,157189
152,2082,50446
288,2086,4482
208,2087,22298
235,2090,13242
75,2093,225382
393,2094,486
343,2097,1722
128,2098,82610
318,2105,2590
48,2107,580349
126,2126,83449
174,2133,36315
110,2138,114101
255,2144,10544
384,2148,617
83,2149,183034
140,2154,68650
368,2158,954
146,2165,55160
432,2172,163
73,2182,243139
256,2186,10098
455,2193,87
161,2196,43548
117,2207,91726
151,2215,51334
124,2224,83724
350,2228,1572
386,2238,598
237,2241,12764
77,2251,216475
311,2252,2983
382,2261,623
434,2262,160
493,2281,20
253,2283,11025
145,2288,56827
441,2307,123
119,2322,87981
390,2323,539
466,2329,65
209,2335,22211
78,2339,206103
136,2347,71241
305,2351,3421
335,2352,1883
464,2354,70
184,2357,30557
98,2359,135030
62,2360,303700
191,2361,27028
272,2362,6978
221,2368,18015
376,2369,758
220,2377,18148
274,2383,6324
411,2385,300
156,2388,45377
135,2395,71700
249,2415,11502
486,2416,28
323,2422,2319
99,2429,128793
489,2435,25
460,2436,80
374,2443,762
265,2444,8082
223,2446,17413
391,2454,520
322,2455,2428
426,2462,189
315,2464,2680
515,2468,4
359,2469,1132
68,2470,259630
279,2473,5923
234,2474,14597
111,2476,113982
100,2478,126895
482,2480,40
406,2481,349
402,2508,378
433,2513,160
330,2534,2124
471,2535,59
396,2539,462
53,2554,509149
431,2558,176
369,2560,952
273,2562,6440
247,2564,11902
106,2566,119797
362,2569,1065
21,2572,2040300
227,2574,16744
451,2576,90
285,2578,4533
22,2580,1927703
215,2592,19987
254,2596,10822
287,2601,4483
349,2603,1582
495,2607,17
389,2608,543
141,2615,61774
342,2621,1739
327,2623,2209
400,2630,408
461,2644,80
377,2648,745
476,2660,48
394,2662,476
293,2663,3975
317,2678,2602
79,2680,197893
345,2683,1610
169,2684,38241
182,2689,31520
239,2692,12664
410,2700,301
459,2704,81
104,2706,122503
387,2707,562
18,2709,2425734
312,2712,2942
429,2716,180
497,2726,15
351,2728,1491
481,2738,40
313,2746,2899
484,2750,31
358,2756,1149
115,2759,93622
344,2771,1659
199,2772,25568
365,2773,1006
108,2776,116255
453,2777,88
321,2793,2467
379,2796,722
123,2797,85131
259,2800,9079
371,2801,790
445,2802,120
479,2803,43
478,2807,44
188,2810,28643
424,2812,197
172,2820,37260
492,2829,20
501,2832,12
483,2837,32
475,2839,52
415,2841,280
385,2843,606
270,2845,7379
332,2847,2094
308,2852,3320
228,2854,16123
232,2855,15022
490,2856,24
291,2857,4382
421,2861,240
302,2862,3490
494,2866,18
416,2867,268
388,2879,562
353,2887,1386
487,2888,27
354,2893,1309
428,2898,184
361,2899,1072
425,2910,194
372,2921,778
66,2924,286382
438,2927,130
423,2934,200
348,2941,1586
505,2942,8
507,2955,5
452,2971,90
187,2975,29212
450,2977,94
462,2978,78
408,2982,304
404,2984,366
485,2986,31
413,2989,296
392,2991,513
417,2993,257
339,2997,1781
403,3000,374
469,3005,61
370,3009,797
373,3010,777
500,3012,13
122,3019,87052
516,3029,4
226,3033,16765
488,3035,27
504,3037,8
