6,1,6377870
17,2,4126084
246,3,70016
289,4,44909
379,8,14222
74,12,662751
36,13,2141602
98,23,437147
86,25,529345
18,28,4019166
3,29,9257758
45,31,1585174
249,32,69146
35,34,2156337
109,35,370803
214,38,109125
8,40,5928221
88,45,495761
171,47,176762
366,48,17437
160,50,203057
458,51,4246
63,54,893831
37,56,2035175
233,58,83347
221,59,99961
73,61,662853
80,64,608879
387,73,12494
134,74,284498
225,86,97714
10,87,5603023
181,89,156927
126,92,306687
12,94,5114516
127,98,305620
276,103,51182
187,105,149076
371,112,16438
397,116,10586
226,118,95032
596,121,208
43,130,1665908
346,137,21820
239,138,77581
272,139,52749
65,143,890697
1,147,12644290
67,155,861894
20,158,3737483
175,159,168064
16,166,4373264
505,170,1860
216,173,107647
227,177,91722
15,181,4425871
41,182,1761203
381,185,13656
178,191,164550
479,192,3181
100,193,426120
102,197,399271
21,198,3131308
110,199,360506
195,200,138775
13,202,5046450
124,208,307833
232,211,84714
140,221,264520
158,226,207717
245,249,71723
66,252,864810
25,270,2652886
395,272,10835
29,274,2443629
44,279,1585646
305,288,35075
260,300,60352
52,307,1095015
491,308,2451
442,311,5391
280,314,50184
79,320,620390
82,324,587608
164,328,190630
5,342,6412420
514,347,1439
169,351,181065
188,355,148522
168,357,182512
14,363,4778349
55,365,1003658
540,371,825
622,377,104
298,384,38878
119,386,323624
11,391,5230320
217,392,106685
139,397,265113
353,403,20282
469,410,3715
180,416,157320
259,420,61413
434,422,6252
284,424,47138
219,432,102009
407,433,8885
9,442,5603624
104,444,390913
367,446,17178
69,449,813363
191,452,145939
354,454,20277
150,458,220581
120,461,320457
200,464,135106
137,469,273565
418,479,8006
286,481,45974
347,490,21760
60,491,959343
240,494,77099
189,500,148422
194,505,140391
415,518,8167
91,526,476961
409,528,8826
163,535,195483
230,537,87263
156,546,216263
261,553,59291
565,556,429
182,562,154888
111,564,353116
53,576,1076188
309,577,32856
146,578,233556
122,582,316160
242,584,74543
388,586,12267
256,591,63025
207,600,125350
30,601,2392523
319,611,28627
554,616,589
84,617,545408
46,618,1538689
101,621,400310
495,628,2312
234,633,82876
26,635,2538750
81,640,588744
380,645,14164
334,647,23838
76,648,653042
248,651,69871
412,652,8610
258,653,61579
338,654,22848
311,655,32017
496,656,2302
237,669,79936
270,675,53523
572,678,373
332,679,24715
196,683,138328
197,693,137158
115,699,347414
32,708,2367926
70,711,797144
103,715,398427
300,719,38006
198,721,136343
177,734,164870
573,736,371
118,742,339175
57,748,991134
349,754,20943
288,756,45667
545,757,794
48,764,1202791
566,776,423
269,778,53665
471,788,3596
279,799,50216
365,803,17545
325,821,26692
341,826,22667
310,835,32221
228,839,91131
343,851,22517
56,858,992301
447,859,4835
490,867,2572
494,869,2325
321,871,27706
358,874,19210
19,885,3955393
377,886,14596
597,891,206
421,901,7452
534,903,898
90,906,481482
263,915,57219
510,918,1770
579,924,328
265,932,55518
378,935,14455
430,938,6699
39,941,1905793
7,943,6019331
27,945,2526173
132,948,296096
278,959,50324
459,964,4177
532,966,970
220,967,101720
135,969,283051
401,984,10028
22,985,3128615
351,986,20351
215,987,107851
77,993,651646
121,1014,318089
398,1018,10314
162,1021,197703
291,1029,42475
71,1031,791644
176,1043,167265
4,1052,6776357
159,1065,203602
42,1069,1666532
208,1081,123754
174,1084,175011
28,1088,2451619
61,1097,932698
23,1098,2739495
38,1100,1991016
31,1101,2375899
262,1103,58749
78,1108,626289
581,1115,310
304,1119,35087
222,1134,99618
464,1141,3872
428,1144,6823
488,1146,2654
515,1155,1420
83,1166,553385
257,1173,62353
537,1177,872
344,1181,22054
520,1185,1301
553,1187,593
131,1195,300354
317,1196,29663
295,1198,40126
285,1207,46801
361,1224,18793
210,1225,115407
190,1228,146402
393,1244,10890
389,1255,11997
68,1256,856734
212,1258,111098
360,1265,19113
558,1267,534
264,1273,56999
99,1283,433566
290,1311,43694
94,1319,465631
506,1325,1860
108,1326,374538
136,1333,279987
75,1337,659726
533,1340,964
313,1341,31579
563,1352,476
106,1353,387139
394,1375,10874
49,1383,1133239
254,1386,64466
316,1392,30063
282,1394,47848
539,1399,828
489,1402,2604
297,1409,39283
618,1429,117
437,1431,5984
375,1435,15119
382,1436,13582
564,1441,448
569,1448,403
205,1452,128107
470,1461,3612
117,1464,342015
96,1469,438841
487,1472,2692
386,1479,12585
151,1480,218977
303,1481,35611
648,1505,18
585,1517,285
466,1523,3816
617,1528,121
2,1534,10457308
518,1543,1392
322,1549,27247
609,1550,165
613,1552,139
337,1555,23109
408,1559,8832
277,1562,50992
452,1573,4625
133,1577,289412
364,1589,17838
203,1590,130975
201,1599,135012
192,1616,143490
204,1621,130758
293,1647,42249
444,1650,5080
306,1657,34876
315,1672,31019
352,1673,20316
463,1680,3950
521,1681,1300
574,1698,369
125,1709,307530
62,1710,908009
275,1713,51360
166,1721,187522
336,1725,23143
513,1730,1471
498,1733,2162
424,1736,6993
327,1742,26155
167,1758,184617
391,1762,11339
392,1765,11028
473,1768,3522
143,1771,247721
186,1802,150772
247,1806,69924
350,1808,20644
482,1812,3079
173,1817,175404
403,1821,9237
550,1824,619
59,1828,976378
40,1846,1838749
439,1854,5422
446,1855,4886
231,1877,86861
154,1881,217876
649,1889,18
114,1901,347901
492,1902,2417
149,1909,221883
251,1914,67421
456,1926,4357
348,1930,20952
148,1936,230319
501,1939,2027
376,1942,14834
524,1946,1104
244,1950,72532
384,1955,12845
292,1960,42473
294,1961,41584
468,1981,3761
89,1999,490135
153,2000,218775
324,2001,26917
54,2006,1054856
47,2009,1338406
179,2021,159422
308,2023,33484
241,2026,75790
87,2043,517077
443,2053,5111
373,2054,16082
369,2055,16883
107,2062,380186
552,2070,600
93,2077,468515
235,2082,80756
508,2085,1847
359,2086,19141
320,2087,28571
253,2090,66197
144,2093,244117
255,2094,63230
420,2097,7694
229,2098,91018
476,2105,3365
499,2106,2097
51,2107,1096922
123,2126,308478
271,2133,52828
130,2138,300568
323,2144,27021
436,2148,6060
161,2149,200367
157,2154,212584
422,2158,7437
396,2160,10640
211,2165,113552
602,2171,193
268,2172,54120
58,2182,977478
213,2186,110342
451,2193,4641
209,2196,120219
155,2207,216510
142,2215,250856
185,2224,151462
333,2228,24108
363,2238,18001
345,2241,21987
85,2251,537327
460,2252,4111
383,2256,12883
423,2261,7373
287,2262,45823
531,2274,984
547,2275,713
591,2277,223
529,2278,1014
639,2281,42
112,2283,351053
635,2286,58
556,2287,547
147,2288,231504
429,2307,6774
357,2308,19596
199,2322,135822
507,2323,1857
580,2327,327
632,2329,75
129,2335,303489
605,2337,179
95,2339,451501
611,2343,150
193,2347,140693
448,2351,4791
455,2352,4443
339,2354,22748
266,2357,54993
92,2359,476566
64,2360,891119
202,2361,132269
331,2362,25431
646,2363,20
530,2364,990
281,2368,47894
416,2369,8161
528,2375,1016
274,2377,51388
411,2383,8761
342,2385,22583
283,2388,47442
659,2394,4
170,2395,178729
623,2410,100
252,2415,67303
560,2416,510
445,2422,5065
475,2423,3449
165,2429,189259
402,2435,9514
483,2436,3027
502,2443,1903
355,2444,20140
541,2445,823
340,2446,22673
497,2453,2278
504,2454,1874
400,2455,10056
484,2458,3000
417,2460,8114
440,2462,5417
414,2464,8210
650,2468,17
362,2469,18218
113,2470,349481
406,2473,8895
238,2474,79623
183,2476,153274
427,2477,6879
116,2478,342462
612,2480,143
561,2481,497
538,2496,831
548,2499,682
328,2508,26077
626,2510,94
511,2513,1690
301,2529,37974
413,2534,8431
474,2535,3453
454,2539,4472
72,2554,686797
620,2555,105
374,2558,15297
330,2560,25888
432,2562,6440
385,2564,12642
184,2566,153192
390,2569,11653
34,2572,2163937
326,2574,26522
628,2576,90
431,2578,6563
33,2580,2291391
536,2582,886
662,2589,2
335,2592,23292
267,2596,54526
370,2601,16503
590,2602,225
302,2603,37478
480,2607,3105
517,2608,1398
105,2615,390720
465,2621,3853
433,2623,6272
575,2627,355
568,2630,408
549,2644,642
523,2648,1171
624,2651,98
493,2660,2361
616,2661,124
368,2662,17015
462,2663,4041
435,2666,6135
527,2676,1024
461,2678,4061
637,2679,55
50,2680,1110919
472,2683,3548
296,2684,39597
145,2689,233892
307,2692,34476
449,2694,4786
481,2696,3091
619,2697,111
312,2700,31669
631,2704,81
152,2706,218805
485,2707,2938
24,2709,2663795
467,2712,3778
457,2716,4348
577,2725,353
651,2726,15
586,2727,280
512,2728,1491
640,2738,40
543,2739,809
141,2746,262060
588,2749,235
610,2750,159
645,2755,22
522,2756,1255
223,2759,99614
663,2761,2
603,2764,187
636,2766,56
509,2771,1785
329,2772,25932
478,2773,3290
594,2775,212
172,2776,175668
607,2777,166
576,2778,355
608,2785,166
356,2793,19596
535,2796,892
128,2797,304979
405,2800,9089
314,2801,31350
583,2802,302
630,2803,85
638,2807,44
138,2810,270993
599,2812,197
441,2814,5407
206,2820,125462
604,2824,182
647,2829,20
653,2832,12
601,2833,194
621,2834,104
589,2837,232
633,2839,64
399,2840,10293
243,2841,73463
551,2843,606
419,2845,7795
500,2847,2094
582,2851,303
477,2852,3320
299,2854,38184
372,2855,16436
644,2856,26
453,2857,4558
606,2859,170
557,2861,539
404,2862,9203
593,2866,217
426,2867,6928
595,2874,210
555,2879,562
654,2880,12
661,2884,3
503,2887,1886
627,2888,92
410,2892,8795
519,2893,1325
592,2898,222
525,2899,1072
641,2901,38
438,2902,5653
542,2904,815
486,2910,2905
657,2919,8
250,2920,67791
526,2921,1054
97,2924,438005
614,2927,130
598,2934,200
318,2939,29645
425,2941,6938
656,2942,8
658,2955,5
615,2967,130
629,2971,90
218,2975,105136
625,2977,94
578,2978,345
450,2982,4668
570,2984,376
642,2986,31
584,2989,296
559,2991,513
587,2993,257
273,2997,51880
571,3000,374
634,3005,61
600,3006,196
516,3008,1416
544,3009,797
546,3010,777
652,3012,13
224,3019,99565
567,3021,413
660,3029,4
236,3033,80619
643,3035,27
655,3037,8
562,3047,481
