197,51051,594019
265,51688,237903
395,198577,14956
225,267865,381406
333,280498,95660
211,339648,467740
342,345860,83579
51,403579,17964888
202,464933,558971
298,504127,151934
290,677298,168661
179,966781,816499
64,987964,13009096
219,1041221,409991
316,1047404,121348
167,1049489,1065230
308,1241525,135617
274,1421976,220538
144,1502423,1709511
359,1581217,58712
92,1590771,4793508
185,1593245,681360
364,1602195,50979
122,1664224,2834419
127,1706917,2588708
191,1750414,610721
110,1767715,3355713
326,1783519,109034
280,1846025,195626
337,1869052,90189
108,1989831,3381584
41,2052474,24770831
227,2066545,373763
218,2101107,411591
258,2175341,251414
50,2327672,17986895
27,2471016,39221889
106,2502947,3647603
272,2621510,223209
91,2624751,4899872
340,2687446,88138
73,2764142,8450911
228,2896896,373208
323,2969476,111270
146,3016894,1576879
28,3204865,38227277
257,3296113,255162
124,3442394,2622487
327,3477401,106513
346,3542945,79754
157,3589984,1202187
78,3767275,6799303
176,3956610,828034
384,4015400,27999
236,4037445,330308
125,4102534,2608857
385,4136278,27384
284,4213549,175357
198,4215573,581806
250,4227564,287217
282,4291569,191378
174,4400005,921210
83,4404387,6018120
170,4426809,1021788
331,4433397,99942
328,4483134,105753
336,4503290,91093
289,4597869,172264
405,4646333,4074
291,4649805,167250
14,4738829,52636853
118,4741431,3052118
55,4749117,16045295
367,4801670,47629
204,4891214,537349
311,4943400,129911
59,4948175,15038609
195,7437929,601018
390,7502654,20126
245,7569179,300789
285,7587840,174953
261,7683705,244976
371,7731521,45576
286,7745908,174475
354,7796752,67448
238,7873295,327659
325,7938947,109806
288,8031669,172283
243,8104989,301532
143,8129844,1710165
220,8175891,408246
370,8451898,46200
330,8468660,102494
20,8499484,45292142
4,8553536,92924442
99,8591220,4257954
8,8644747,74381212
411,8708264,1162
215,8724920,436197
398,8761508,11975
182,8929470,805705
242,8932360,304189
77,9022344,6875111
292,9064226,164580
252,9074586,282985
63,9111308,13319971
207,9137064,497339
279,9177385,195994
58,9217879,15481292
396,9247761,14622
406,9284626,3205
46,9295041,19722489
368,9319347,47443
26,9321014,40684226
264,9395007,238073
141,9395496,1760017
24,9408190,40986018
233,9410318,344369
304,9442449,141199
203,9456257,549409
175,9467077,856216
96,9497362,4478310
309,9518859,132329
199,9524292,579129
314,9540131,128422
234,9640239,340588
23,9643866,42807965
132,9678004,2404698
44,9680506,19744489
369,9682465,47376
362,9706297,53625
341,9715377,85923
137,9718841,1909373
324,9730076,110454
49,9735896,18670910
360,9747178,56242
379,9750844,35088
293,9755423,160412
142,9771486,1733219
229,9773949,364838
221,9778158,407799
356,9787745,62022
129,9829584,2440810
156,9841919,1231629
355,9855604,64249
48,9857136,18925318
358,9911150,60599
40,9918285,25567276
13,9946792,54547159
404,9948582,4341
351,9948696,73048
393,9960123,17678
277,9979858,202509
240,10006413,324222
183,10006848,768610
3,10084593,101268041
237,10136329,328677
283,10159601,178999
416,10160085,78
136,10170802,2073074
57,10206900,15526003
186,10210325,672988
29,10290404,37312860
302,10331147,145324
115,10363081,3199382
120,10363882,2878891
62,10379660,13329272
382,10433885,29615
378,10452473,36061
36,10455532,29073436
263,10458494,241408
11,10498849,64319800
380,10516819,34102
339,10579887,88779
374,10580834,41992
194,10604221,603525
397,10621950,13791
232,10627241,345971
273,10639056,220912
205,10654945,530245
391,10658077,19624
213,10676513,444700
386,10693415,26803
278,10727316,200962
241,10735961,317118
32,10742302,31761883
345,10768074,80474
256,10793521,257015
25,10824211,40862964
164,10827122,1135160
410,10831521,2027
128,10835144,2555804
399,10866507,7793
343,10894401,82064
254,10904387,271021
89,10933786,5018807
135,10962499,2097878
299,10972989,148869
76,11036562,6956677
168,11048328,1043003
334,11049082,92512
188,11091514,653699
95,11119954,4641120
19,11134213,46987532
332,11154353,96926
414,11168254,145
389,11168411,21089
210,11173388,470872
269,11176275,230569
318,11195909,116679
9,11196170,69691430
248,11199302,290141
294,11217090,157882
101,11219365,4147062
147,11225915,1541199
180,11239209,813460
30,11247875,33721108
66,11257613,11339662
381,11260031,32793
47,11263553,19305437
216,11265120,429989
307,11278858,135832
335,11284257,92010
171,11287875,1017843
173,11288084,931301
148,11289604,1523629
22,11291667,44518205
155,11297454,1249402
287,11297966,172957
90,11311321,4923026
392,11317461,19459
267,11329728,232500
315,11341866,127145
1,11346010,170476785
259,11366139,248070
158,11370708,1201501
151,11371577,1401173
152,11376091,1361666
2,11381205,114123803
98,11381254,4305056
52,11381902,17934626
192,11381976,604656
208,11382019,487908
322,11382165,112902
7,11382201,75580103
56,11382661,15538098
300,11382866,147494
87,11382943,5038420
383,11383301,28651
353,11384335,67904
407,11385520,3107
161,11385766,1155461
413,11385801,629
268,11386823,231393
42,11387879,22367491
365,11388156,50427
403,11390345,4380
317,11395166,118409
412,11395456,886
223,11396080,393636
206,11403667,497932
67,11405226,9869364
38,11406891,27487548
372,11407108,44372
149,11412252,1443903
116,11418206,3165265
85,11425532,5578141
34,11428161,29613760
275,11429335,208766
409,11430151,2096
217,11434617,424570
112,11438480,3274861
246,11440605,298867
21,11440705,44549318
114,11442032,3237951
93,11443065,4674330
319,11448654,114297
181,11454354,807295
184,11455233,708058
53,11455584,16971971
39,11457035,26056616
12,11457042,56944667
18,11457342,47130213
74,11457926,8243839
321,11457941,113257
244,11458079,301425
75,11458373,7769352
350,11459760,73053
209,11461845,481042
15,11462294,51761926
131,11462827,2405692
100,11463013,4225697
400,11464215,6954
166,11466831,1069198
394,11467586,17139
329,11467894,104012
224,11467949,387331
281,11469351,192137
69,11470074,9209458
212,11470502,467111
320,11470630,113497
79,11470893,6718893
88,11473047,5024745
126,11474044,2593420
387,11475608,25189
415,11476245,103
260,11476488,247780
255,11476860,269084
231,11477901,356254
153,11479778,1343977
297,11480773,152002
373,11481794,42707
338,11482104,89003
305,11482122,140368
347,11482197,77218
145,11482451,1611174
117,11482886,3056364
72,11483196,8659183
230,11483522,362448
266,11486106,237648
214,11486132,437909
82,11486255,6071337
162,11486738,1154473
301,11487627,147338
172,11487784,1010600
349,11489689,73102
352,11489716,70603
357,11489732,61350
306,11489779,139796
363,11490685,52544
134,11494750,2135577
54,11495356,16574811
81,11496292,6285675
68,11503966,9804205
296,11505351,154526
249,11506153,287539
310,11512555,132031
165,11512612,1074265
10,11515281,69355699
113,11517884,3239993
226,11518142,381096
313,11519668,128715
31,11520401,31899829
401,11520855,6892
375,11522507,41752
222,11522530,393931
388,11522973,24985
103,11525933,3948880
121,11527470,2840918
80,11528442,6432992
159,11529024,1192827
37,11530679,28052775
190,11530807,624440
139,11530990,1817964
43,11531081,19763192
70,11532286,8892151
6,11532459,90912925
94,11532591,4643309
271,11532690,227356
109,11534163,3357009
377,11534181,36686
33,11534226,31101829
5,11535014,92237223
105,11535206,3672538
102,11535237,4079963
97,11535752,4427242
270,11536783,229132
107,11536927,3486336
16,11537417,50547893
201,11537664,559135
251,11538493,283492
111,11539027,3342028
239,11539099,326503
177,11539154,826711
45,11539564,19726658
130,11539990,2412064
104,11540057,3735229
150,11540389,1425363
361,11540718,56183
71,11540869,8785220
86,11540994,5344465
169,11541158,1025430
178,11541616,820921
344,11542077,80923
123,11542214,2711763
408,11543145,3105
84,11543511,5815270
303,11544222,141281
65,11544521,12176357
163,11544821,1143064
60,11544911,14763020
196,11545333,600919
140,11545555,1797656
133,11545710,2301194
366,11545803,49745
61,11546574,13731681
276,11546804,206615
154,11546878,1310664
295,11546979,155343
262,11547350,243441
138,11547744,1874268
17,11549374,50380775
119,11549944,3015656
35,11550398,29455854
253,11551548,276474
193,11552463,603791
200,11556863,568883
189,11557268,644242
235,11561567,335904
312,11563992,129066
247,11565563,295628
187,11566262,663873
402,11567143,5099
376,11569288,38260
348,11570339,76805
160,11573872,1170043
