108,51051,568017
339,198577,333
234,267865,15315
206,280498,33959
290,339648,3135
189,345860,55100
37,403579,13275575
285,464933,3504
181,504127,63913
153,966781,145704
50,987964,5270587
297,1041221,2805
304,1047404,2329
185,1049489,60344
315,1241525,1530
289,1421976,3302
125,1502423,305620
280,1581217,4187
198,1590771,38796
275,1593245,5413
329,1602195,787
106,1664224,605622
140,1706917,215145
296,1750414,2829
75,1767715,1902774
355,1846025,84
283,1869052,3836
63,1989831,2975078
24,2052474,19904247
171,2066545,77880
166,2101107,92967
276,2175341,4783
46,2327672,6756920
51,2471016,5132382
61,2502947,3314618
214,2621510,29609
118,2624751,396589
237,2687446,13744
57,2764142,4038141
264,2896896,6607
314,2969476,1577
295,3016894,2897
19,3204865,23906583
188,3296113,57008
84,3442394,1411166
347,3477401,174
260,3542945,7210
146,3589984,167606
91,3767275,1215419
221,3956610,22839
256,4015400,7988
251,4037445,8916
178,4102534,67671
266,4213549,6487
168,4215573,81408
101,4400005,724279
114,4404387,510561
211,4433397,32523
236,4483134,14135
312,4503290,1636
337,4597869,344
309,4649805,1917
36,4738829,13419969
116,4741431,447882
79,4749117,1557755
269,4801670,6187
273,4891214,5608
319,4943400,1293
69,4948175,2448793
342,7437929,297
299,7569179,2760
274,7587840,5603
357,7683705,74
303,7731521,2348
242,7745908,12400
199,7873295,37954
200,7938947,37225
174,8031669,76055
287,8104989,3429
249,8129844,9422
195,8175891,45757
209,8451898,32986
204,8468660,35570
15,8499484,34988035
11,8553536,39379471
64,8591220,2671701
5,8644747,52814791
368,8708264,9
201,8724920,36561
369,8929470,4
175,8932360,73865
86,9022344,1384489
207,9064226,33320
282,9074586,3889
144,9111308,183802
187,9177385,57490
54,9217879,4452122
338,9247761,340
366,9284626,14
29,9295041,16096061
244,9319347,10430
17,9321014,33035651
223,9395007,22176
155,9395496,138730
18,9408190,25081768
277,9410318,4386
288,9442449,3398
120,9456257,364307
358,9467077,68
107,9497362,569953
281,9518859,4094
191,9524292,49759
322,9540131,1166
253,9640239,8470
96,9643866,934975
321,9678004,1196
68,9680506,2449077
352,9682465,119
313,9706297,1597
330,9715377,757
122,9718841,328214
356,9730076,84
35,9735896,13983351
346,9747178,176
348,9750844,145
336,9755423,359
90,9771486,1223854
217,9773949,26413
225,9778158,20564
267,9787745,6353
165,9829584,93643
149,9841919,153651
55,9857136,4396051
227,9911150,19055
31,9918285,15232133
52,9946792,4923708
252,9948696,8902
203,9979858,35685
245,10006413,10281
323,10006848,1142
4,10084593,62400481
320,10136329,1233
202,10159601,35870
169,10170802,79392
42,10206900,10735432
112,10210325,519804
43,10290404,10623978
254,10331147,8466
154,10363081,139899
163,10363882,99888
311,10379660,1701
325,10433885,899
44,10455532,9866016
259,10458494,7461
33,10498849,14681738
370,10516819,4
367,10579887,12
340,10580834,333
161,10604221,101112
213,10627241,30334
215,10639056,29451
233,10654945,15672
222,10676513,22726
268,10727316,6240
291,10735961,3050
39,10742302,12695611
331,10768074,620
164,10793521,96062
20,10824211,22157131
219,10827122,24428
335,10831521,367
81,10835144,1462604
279,10894401,4283
250,10904387,8986
192,10933786,48236
156,10962499,133593
224,10972989,21949
134,11036562,240659
293,11048328,2918
176,11091514,72053
67,11119954,2459009
9,11134213,39774299
300,11154353,2564
278,11168411,4368
262,11173388,6879
141,11176275,202206
186,11195909,60143
25,11196170,19658162
246,11199302,9773
345,11217090,194
111,11219365,526194
152,11225915,151278
220,11239209,23457
28,11247875,16381102
115,11257613,506806
263,11260031,6695
34,11263553,14418363
294,11265120,2912
305,11278858,2297
193,11287875,46543
184,11288084,60839
124,11289604,312651
13,11291667,37069220
247,11297454,9638
349,11297966,144
76,11311321,1800248
354,11329728,90
362,11341866,38
2,11346010,74566304
135,11366139,239505
143,11370708,187122
306,11371577,2271
194,11376091,46350
27,11381205,16859261
105,11381254,624309
40,11381902,11423067
229,11381976,17145
162,11382019,99952
12,11382201,37599002
49,11382661,5344966
182,11382866,63099
93,11382943,1165406
351,11383301,129
326,11385766,854
228,11386823,18195
38,11387879,13154905
241,11388156,13212
317,11390345,1439
257,11396080,7798
139,11403667,221819
138,11405226,225541
59,11406891,3892855
109,11412252,566045
78,11418206,1571355
128,11425532,272357
23,11428161,21533775
216,11429335,27365
361,11430151,41
265,11434617,6600
148,11438480,154404
208,11440605,33285
16,11440705,34398922
133,11442032,242496
87,11443065,1275980
218,11448654,24661
231,11454354,16911
328,11455233,791
45,11455584,9861709
26,11457035,17762326
8,11457042,39950650
7,11457342,40833556
88,11457926,1251081
271,11457941,5882
180,11458079,66835
126,11458373,281423
344,11459760,200
334,11461845,373
10,11462294,39443857
183,11462827,61520
110,11463013,541579
177,11466831,69747
365,11467586,16
230,11467894,17127
145,11467949,171382
235,11469351,14839
53,11470074,4514811
238,11470502,13634
284,11470630,3595
119,11470893,379729
117,11473047,441623
151,11474044,153401
318,11475608,1426
170,11476488,78237
258,11476860,7596
104,11479778,640117
308,11480773,2071
255,11481794,8342
243,11482104,11834
307,11482122,2156
239,11482197,13550
92,11482886,1199221
94,11483196,1075756
343,11483522,293
292,11486106,2964
350,11486132,144
83,11486255,1420017
197,11486738,41961
332,11487627,590
205,11487784,34785
341,11489689,310
302,11489732,2382
360,11490685,42
179,11494750,67507
41,11495356,11040634
70,11496292,2316782
47,11503966,6547892
190,11505351,54734
210,11506153,32812
261,11512555,7151
136,11512612,237490
6,11515281,45467625
131,11517884,262002
298,11518142,2773
30,11520401,15276632
324,11522507,1108
286,11522530,3479
316,11522973,1524
62,11525933,2999528
173,11527470,76393
159,11528442,125685
98,11529024,829492
22,11530679,21676227
272,11530807,5728
310,11530990,1798
65,11531081,2606102
72,11532286,2268408
1,11532459,78396774
73,11532591,2239508
158,11532690,126251
137,11534163,234267
21,11534226,21985732
3,11535014,62999758
97,11535206,870134
58,11535237,4010631
74,11535752,2202746
333,11536783,458
89,11536927,1234979
14,11537417,36248025
270,11537664,6036
212,11538493,30673
147,11539027,162726
232,11539099,16196
327,11539154,803
127,11539564,272824
71,11539990,2280496
60,11540057,3494484
85,11540389,1389624
301,11540718,2462
103,11540869,695221
132,11540994,257560
99,11541158,829120
240,11541616,13414
66,11542214,2577936
56,11543511,4119195
248,11544222,9508
160,11544521,103821
102,11544821,699378
100,11544911,737806
121,11545333,360216
80,11545555,1466757
150,11545710,153411
364,11545803,27
82,11546574,1447452
167,11546878,83170
196,11546979,44668
359,11547350,45
95,11547744,1074659
32,11549374,14998075
77,11549944,1775642
48,11550398,6249131
157,11551548,130094
123,11552463,315258
226,11556863,19196
113,11557268,510701
129,11561567,272008
363,11563992,31
130,11565563,266051
172,11566262,76618
353,11567143,98
142,11573872,199136
