386,51051,18284
234,51688,237903
392,198577,14623
199,267865,365366
345,280498,61672
181,339648,464593
375,345860,28427
79,403579,3118885
185,464933,433218
320,504127,88021
261,677298,168661
165,966781,665884
45,987964,7702117
191,1041221,407186
316,1047404,89760
268,1049489,159592
281,1241525,134084
256,1421976,179651
123,1502423,1403891
350,1581217,54523
63,1590771,4548707
164,1593245,673722
353,1602195,50192
103,1664224,2194140
99,1706917,2371606
168,1750414,605245
122,1767715,1415411
303,1783519,109034
246,1846025,195542
321,1869052,86353
192,1989831,406506
120,2052474,1456205
219,2066545,292406
210,2101107,318624
231,2175341,246631
36,2327672,10593559
10,2471016,32324280
205,2502947,332153
248,2621510,193599
65,2624751,4408043
348,2687446,56500
66,2764142,4334623
200,2896896,362258
302,2969476,109693
140,3016894,1007733
72,3204865,3671130
244,3296113,198154
137,3442394,1096659
305,3477401,106337
333,3542945,71816
147,3589984,909620
54,3767275,5546604
163,3956610,686317
384,4015400,19554
211,4037445,315633
95,4102534,2519114
380,4136278,23650
263,4213549,166388
176,4215573,500398
221,4227564,286298
249,4291569,191378
245,4400005,196913
55,4404387,5507559
139,4426809,1021788
339,4433397,67419
315,4483134,91615
318,4503290,89027
260,4597869,171912
404,4646333,4074
264,4649805,165333
7,4738829,38512635
93,4741431,2604221
30,4749117,12155820
360,4801670,41442
173,4891214,531741
290,4943400,127195
34,4948175,11024614
169,7437929,600721
382,7502654,20126
218,7569179,298029
265,7587840,163121
232,7683705,244880
358,7731521,43228
266,7745908,162064
338,7796752,67448
220,7873295,288865
336,7938947,69099
325,8031669,80741
217,8104989,298103
121,8129844,1434414
201,8175891,361763
394,8451898,13214
340,8468660,65994
77,8499484,3337567
4,8553536,48019636
136,8591220,1107934
57,8644747,5367617
411,8708264,1120
198,8724920,371207
396,8761508,11973
154,8929470,804375
237,8932360,230318
56,9022344,5455086
283,9064226,131260
242,9074586,206892
29,9111308,12674207
177,9137064,497339
277,9177385,138501
38,9217879,9139992
393,9247761,14282
405,9284626,3169
86,9295041,2941339
367,9319347,35815
49,9321014,6142095
239,9395007,215871
128,9395496,1288225
42,9408190,8372920
387,9410318,18228
279,9442449,137798
310,9456257,96194
149,9467077,856148
67,9497362,3908353
288,9518859,128231
174,9524292,522487
289,9540131,127240
206,9640239,332118
6,9643866,41578378
98,9678004,2403401
24,9680506,15016010
356,9682465,44778
354,9706297,50037
322,9715377,84318
133,9718841,1128971
301,9730076,109788
160,9735896,740455
397,9747178,11746
372,9750844,32583
267,9755423,160053
186,9771486,432334
204,9773949,337790
225,9778158,268357
349,9787745,55669
110,9829584,1786907
209,9841919,325003
341,9855604,64249
25,9857136,14444628
359,9911150,41544
37,9918285,10016818
5,9946792,47515630
403,9948582,4341
342,9948696,64146
388,9960123,17678
270,9979858,156272
216,10006413,302003
159,10006848,767468
9,10084593,33702241
208,10136329,327444
274,10159601,143129
416,10160085,78
116,10170802,1518906
78,10206900,3299195
271,10210325,150270
13,10290404,26277054
294,10331147,125529
90,10363081,2690834
89,10363882,2749514
28,10379660,13327571
391,10433885,14947
365,10452473,35983
20,10455532,17887938
252,10458494,183175
3,10498849,48870410
370,10516819,34098
319,10579887,88648
361,10580834,38517
215,10604221,306497
395,10621950,12540
212,10627241,315512
254,10639056,180536
223,10654945,277661
383,10658077,19624
187,10676513,421974
376,10693415,26544
247,10727316,194722
213,10735961,310560
19,10742302,18589496
327,10768074,79854
280,10793521,134563
23,10824211,15179185
144,10827122,960162
410,10831521,1660
143,10835144,971331
399,10866507,7707
328,10894401,77778
226,10904387,262035
59,10933786,4970571
112,10962499,1752908
292,10972989,126920
96,11036562,2441307
138,11048328,1040078
313,11049082,92512
180,11091514,467073
104,11119954,2099966
70,11134213,3866285
311,11154353,94357
414,11168254,145
390,11168411,16721
182,11173388,463985
378,11176275,24407
347,11195909,56536
8,11196170,36648578
222,11199302,280348
269,11217090,157662
75,11219365,3541766
125,11225915,1387872
158,11239209,783310
21,11247875,16017886
71,11257613,3810752
377,11260031,26089
68,11263553,3905207
189,11265120,409309
293,11278858,125848
314,11284257,92006
145,11287875,931308
152,11288084,828972
134,11289604,1114666
48,11291667,6177785
129,11297454,1239764
259,11297966,172813
155,11311321,790400
385,11317461,19459
236,11329728,232410
291,11341866,127107
1,11346010,87589242
398,11366139,8565
148,11370708,906377
124,11371577,1393583
127,11376091,1314864
2,11381205,83160798
85,11381254,2977132
115,11381902,1540143
170,11381976,584342
195,11382019,387956
298,11382165,112902
11,11382201,30441659
43,11382661,8177380
323,11382866,83867
76,11382943,3479350
374,11383301,28515
337,11384335,67904
406,11385520,3107
132,11385766,1154607
413,11385801,629
250,11386823,187421
47,11387879,6561820
364,11388156,36047
408,11390345,2941
296,11395166,118409
412,11395456,886
196,11396080,385838
224,11403667,270849
39,11405226,8983983
14,11406891,22940511
357,11407108,44372
150,11412252,854629
117,11418206,1498293
62,11425532,4810904
126,11428161,1357328
253,11429335,181399
409,11430151,2055
188,11434617,414170
88,11438480,2859942
229,11440605,249811
41,11440705,8383750
87,11442032,2924959
83,11443065,3002907
317,11448654,89636
156,11454354,787859
162,11455233,694369
101,11455584,2346382
69,11457035,3877720
35,11457042,10693372
107,11457342,1911145
53,11457926,5606374
304,11457941,107375
238,11458079,219498
61,11458373,4867954
331,11459760,72853
179,11461845,478364
40,11462294,8385694
102,11462827,2344172
73,11463013,3668408
400,11464215,6954
141,11466831,998827
389,11467586,17123
326,11467894,80023
240,11467949,214960
258,11469351,177289
111,11470074,1752970
183,11470502,453474
300,11470630,109894
58,11470893,5360644
64,11473047,4485822
97,11474044,2433839
379,11475608,23757
415,11476245,103
262,11476488,168169
227,11476860,261484
202,11477901,356250
178,11479778,478967
272,11480773,149925
369,11481794,34269
329,11482104,77169
278,11482122,138212
344,11482197,63065
113,11482451,1611174
108,11482886,1822864
60,11483196,4877699
203,11483522,339321
235,11486106,234684
184,11486132,437765
81,11486255,3098381
135,11486738,1112510
273,11487627,146742
142,11487784,975815
332,11489689,72792
334,11489716,69828
346,11489732,57607
275,11489779,139796
352,11490685,52502
119,11494750,1461380
92,11495356,2605803
207,11496292,328633
166,11503966,622418
309,11505351,99792
228,11506153,254727
295,11512555,122381
151,11512612,836775
18,11515281,18908686
84,11517884,2977962
197,11518142,378320
287,11519668,128715
26,11520401,14145851
401,11520855,6892
366,11522507,35895
194,11522530,390445
381,11522973,23460
161,11525933,721316
91,11527470,2675178
52,11528442,5852185
368,11529024,35491
74,11530679,3583706
167,11530807,618709
118,11530990,1483052
22,11531081,15958347
50,11532286,5931268
33,11532459,11153346
100,11532591,2359387
308,11532690,100382
80,11534163,3099264
363,11534181,36670
46,11534226,6832118
15,11535014,22072202
94,11535206,2571267
335,11535237,69254
109,11535752,1787910
255,11536783,180053
114,11536927,1556078
32,11537417,11710040
175,11537664,512089
230,11538493,247010
82,11539027,3066530
297,11539099,117022
157,11539154,784218
17,11539564,19159004
307,11539990,102460
241,11540057,211683
371,11540389,34025
351,11540718,52950
44,11540869,7770167
105,11540994,2044775
312,11541158,93136
153,11541616,807507
324,11542077,80923
284,11542214,130269
407,11543145,3105
193,11543511,390909
285,11544222,129859
31,11544521,11949283
190,11544821,408931
27,11544911,13989315
257,11545333,178017
214,11545555,310485
106,11545710,2008457
355,11545803,49718
51,11546574,5865067
243,11546804,206615
130,11546878,1222742
299,11546979,110673
233,11547350,243396
306,11547744,102558
12,11549374,27700603
131,11549944,1167149
16,11550398,20786806
276,11551548,139576
251,11552463,186425
172,11556863,547273
282,11557268,132055
343,11561567,63896
286,11563992,129035
373,11565563,29577
171,11566262,567830
402,11567143,4411
362,11569288,38260
330,11570339,76805
146,11573872,918076
