51051,bambamsam1997,2223,32,218781,88
51688,gargara,0,8,21900,159
198577,orsamannen,25,1,70,384
267865,KingArthursGame,25,1,525,314
280498,voievode,282,12,80589,117
339648,coolnielsen,1114,6,17236,170
345860,helioC,26,3,26530,152
403579,pitMAXbull,1468,319,2661752,35
464933,Car+Dusan+silni,1397,6,22921,158
504127,Bushwackers,1397,1,5286,209
677298,Gelimar,1893,1,497,315
966781,Amnesia+bs,1893,1,490,317
987964,Predsjednik,385,1,354,331
1041221,jmslklcs63,0,1,2333,250
1047404,cocodelish,21,1,3849,223
1049489,TClark,2481,74,524651,69
1241525,kraggo,348,3,14302,177
1421976,stinger157,2223,2,10920,185
1502423,Benny930,260,1,4161,220
1581217,Randalthor78,29,1,1270,278
1590771,mitvakdonnerstag,25,2,3727,226
1593245,mummybear,1114,1,4271,219
1602195,emomessiah,1397,1,747,296
1664224,twostamps,260,0,0,396
1706917,jjavnj,25,1,2322,252
1750414,JJFurr,361,1,932,288
1767715,dan3x,2481,114,1109162,47
1783519,Rurik+I,369,1,8224,198
1846025,Joe+2,348,1,112,374
1869052,Tcoen,385,1,279,343
1989831,schutrum,2481,138,1132771,46
2052474,Sleepwalkers,91,405,3878957,23
2066545,davidbaxterkuhn,890,16,123370,105
2101107,napoleon2,2647,23,154389,97
2175341,finchy92,899,1,26,389
2327672,Hells+Toy+Master,2481,174,1569004,42
2471016,dukefan7777777,2785,47,382685,79
2502947,count+doomlord,2223,127,1360313,44
2621510,No+Bo+Di,25,2,10346,189
2624751,billadi66,1787,1,192,355
2687446,Gambit.2004,216,1,927,291
2764142,Sgt%40Arms,2495,77,741941,56
2896896,Krater8,21,2,3721,227
2969476,swarfie,1787,1,389,327
3016894,hellsjester,0,1,46,388
3204865,velvetcrabman,91,667,6585043,11
3296113,webbldr,282,34,113382,109
3442394,WildManOfBorneo,282,47,454327,73
3477401,Varda94,0,1,144,364
3542945,Greg+Stephens,0,1,1355,277
3589984,Lord+Vietras,260,1,552,310
3767275,chadders2865,2785,1,3137,233
3956610,Sir+Romit,0,1,2275,253
4015400,Pathfinder,1779,1,623,306
4037445,mlinder,1114,2,7305,200
4102534,God+Emperor+of+Mankind,2759,7,51432,126
4136278,Sir+Anthony+Raymond,25,1,1503,272
4213549,lykorz,870,1,336,334
4215573,RONNY+HO,1397,0,0,397
4227564,rron7pam,1893,1,1001,284
4291569,bullfrogs,0,1,220,352
4400005,pauldum,2223,26,172989,93
4404387,billall,2785,2,13237,181
4426809,ASPIS,0,2,10479,188
4433397,Jackiemum,848,1,9205,194
4483134,lamigra,21,1,2237,255
4503290,roverus,2223,6,29288,147
4597869,YOKOZUNA,0,1,2674,238
4646333,The+Dyslexic+Knight,0,1,143,365
4649805,beetonboy,1397,1,471,318
4738829,ThePuppeteer,2481,112,957311,50
4741431,BIGZach,848,29,254618,86
4749117,joe+finch,260,0,0,398
4801670,guvner,25,1,3744,224
4891214,jfrans,2803,1,789,295
4943400,DonNorman,26,1,361,329
4948175,knights94,2481,59,433047,75
7437929,ciaran1,0,1,74,383
7502654,kittykhate,21,1,2378,247
7569179,SKIN71,1860,1,272,346
7587840,lordjer61,21,1,242,349
7683705,habe41,385,1,181,357
7731521,Geoff+Knott,21,1,1602,269
7745908,darkhorsesarz,2560,0,0,399
7796752,Creepshow,0,1,1552,270
7873295,bafo,1397,14,69368,123
7938947,Lady+Madelina,21,3,13900,179
8031669,Baldrof,66,4,17564,169
8104989,crazedtwinkie,21,1,2460,246
8129844,RazorBg1953,1114,1,324,336
8175891,BELI-GROM,0,1,458,319
8451898,dumbbeatnix,0,1,3518,228
8468660,ismael662,25,1,533,312
8499484,a.K.a+elmoo,91,675,6979894,8
8553536,Kreiz,91,517,5538042,16
8591220,xfix,2481,91,811491,55
8644747,Building+a+Beast,91,1137,13391548,1
8708264,bond722002,2808,1,299,339
8724920,22eur,9,1,361,330
8761508,capolux,2417,1,3930,222
8929470,Jonathan+Stormbringer,833,7,31859,141
8932360,dpflyguy,0,5,23086,157
9022344,Lr0d+Kaos,2785,1,9772,191
9064226,Count+Edwin,890,3,28705,148
9074586,GlasgowRFC,1114,1,975,285
9111308,jaguar66,260,5,41544,131
9137064,HarryTheHobo,1184,1,2113,261
9177385,Active+But+Lazy+Gamer,1397,1,2372,249
9217879,sunemunk,2000,1,26,390
9247761,HERCULES1966,71,1,693,301
9284626,Playmate,75,1,699,300
9295041,TrickyTrickster,1468,246,2460002,36
9319347,Truthfulruse,1397,12,46893,129
9321014,Red+Cup,91,619,6349897,13
9395007,bsjptpt,0,1,26,391
9395496,Jigstone,2748,2,14187,178
9408190,Kublaj-kan,91,354,3617984,26
9410318,grapolski,848,12,59728,125
9442449,Sir+Cork,1114,1,1434,274
9456257,dancko+bananko,92,14,159841,96
9467077,Joezyz,0,1,6461,203
9497362,mallysmally,260,2,19415,165
9518859,stelup,848,6,27186,151
9524292,mutt17,660,1,109,375
9540131,kiwi2011,26,1,186,356
9640239,gaep,25,1,1227,279
9643866,ellene+01,2647,15,145314,100
9678004,janinav,0,3,15544,176
9680506,Mc+Coys,39,1,105,376
9682465,nitehawktribe,25,2,6388,205
9706297,Big+Boris,84,1,4421,218
9715377,atilla,21,6,20418,161
9718841,glamish,2785,3,10128,190
9730076,Warheat,1114,0,0,400
9735896,Evil+Operation,91,497,4548970,21
9747178,Zortan,1114,1,2078,263
9750844,akaibear,25,0,0,401
9755423,RICH57,1114,4,16940,171
9771486,Lord+Vortigen,890,71,563850,66
9773949,King+Simi,1893,1,1415,276
9778158,lakorn,75,1,4890,214
9787745,Chuck+Liddell,2666,1,527,313
9829584,lucii+agripa,797,1,127,370
9841919,Temida,797,1,65,385
9855604,Lord+Protector,0,1,282,342
9857136,opklnm18,0,31,166425,92
9911150,Corzza5700,21,1,91,378
9918285,panamakid,1468,225,2173522,38
9946792,Mr.+Smith,2481,250,1861180,40
9948582,NeoStorm,385,1,1178,280
9948696,RicktheBlade12,2770,1,124,371
9960123,Florian+Geyer,1893,1,1514,271
9979858,pepk,1397,7,31392,143
10006413,Tegelen,21,1,80,379
10006848,Knightbellgo,0,1,76,382
10084593,Quincy,91,788,8898303,5
10136329,Lady+Dodo,25,4,12828,183
10159601,cacalolo,668,5,21133,160
10160085,KILLuALL,890,1,2237,256
10170802,KOCATKA,2794,27,33898,138
10206900,Hektik,92,330,3272470,28
10210325,mr-key-don,2481,66,394174,78
10290404,Sandover,2481,91,738784,57
10331147,PzIV,479,1,77,381
10363081,re+robertum,1114,1,79,380
10363882,Bugoy,260,5,15937,173
10379660,Char+Aznable,38,41,249721,87
10433885,nwad,26,1,5384,208
10452473,PinkLisa,52,1,563,309
10455532,Narcissistic+Tendencies,2481,136,1320703,45
10458494,Angelusnoir,1397,1,905,292
10498849,buddy9494,2481,274,2119824,39
10516819,general+saber,21,1,931,289
10579887,G-Rex,487,1,1148,281
10580834,bjhnsn220,26,1,141,367
10604221,omppu,2223,52,451753,74
10621950,drakelius,26,1,295,341
10627241,SlackerJ,26,1,965,286
10639056,kolobar,1397,19,122236,106
10654945,Grenade+Launcher,0,0,0,402
10658077,sampurna,0,1,243,348
10676513,BillyBobTheGreat,21,1,411,321
10693415,Southern+Tiger+Warrior,1787,1,1695,266
10727316,wiktor,26,1,858,293
10735961,done,21,3,18438,168
10742302,wranx,890,6,30068,144
10768074,jumbee+the+crate,1020,4,8915,196
10793521,demeter,9,1,656,304
10824211,Assistant+to+the,91,414,4332822,22
10827122,JustDoIT,385,8,34390,136
10831521,rimas99,26,1,5259,210
10835144,Pak+Gut,0,72,594252,64
10866507,ALKAMIST,26,1,728,297
10894401,coolnessguy,1114,1,509,316
10904387,kabayan,385,0,0,403
10933786,Sharp+lee,0,1,371,328
10962499,arturas,25,8,75963,120
10972989,ADW+III,74,1,3367,229
11036562,Timjam,2785,8,67806,124
11048328,Kaapeli,21,1,142,366
11049082,%2AROBINthaHOOD%2A,25,1,408,323
11091514,sharkmen,2794,17,119669,107
11119954,deadcow4,890,40,296448,83
11134213,aotti,91,705,7251491,7
11154353,tempelis,9,1,140,368
11168254,knucklehead1,348,1,2169,259
11168411,dukeman,0,1,721,298
11173388,Kanki,609,1,2167,260
11176275,PTennTracy,2223,19,127422,103
11195909,John69Cee,15,3,19819,163
11196170,ODIN+GOD+OF+WAR,2000,0,0,404
11199302,rycka1,1397,1,1659,267
11217090,Jonhil,244,1,181,358
11219365,Wing,848,27,148359,99
11225915,Taunuspirat,0,0,0,405
11239209,one+move,1114,7,34478,135
11247875,A+Duck,0,1,9555,192
11257613,itlogwithegg,2785,50,462380,72
11260031,ivan-hristova,25,1,277,344
11263553,Bokl.,91,300,2867201,33
11265120,FragUK,21,0,0,406
11278858,kevp,2223,4,33942,137
11284257,scorpia+neagra,0,0,0,407
11287875,beebeam,0,1,4865,216
11288084,davro.89,1893,17,86410,115
11289604,Ojsan,282,1,5076,211
11291667,MarcMadness,91,695,6955757,9
11297454,megahitSRT8,231,1,1040,283
11297966,John25,21,2,8385,197
11311321,Shinko+to+Kuma,2782,56,602549,61
11317461,Fritzi2,40,1,2516,244
11329728,RIP+U+1,1114,1,667,303
11341866,ragoon9,0,1,929,290
11346010,Saint+Laurent,91,1102,13133520,2
11366139,mdog101,848,12,134423,101
11370708,Lord+white,848,15,118316,108
11371577,inoblebarbs,260,0,0,408
11376091,Gr%C3%B8n,260,0,0,409
11381205,Snyltarn,890,431,3676225,25
11381254,baaloo,890,34,259525,85
11381902,slunto,91,318,3480686,27
11381976,rudomir1,16,7,36729,132
11382019,Emanuela+Zidar,71,1,203,354
11382165,sekolinko,0,1,255,347
11382201,ZRIMIR,91,783,8934828,4
11382661,iBOX,2223,49,544408,67
11382866,kadilec,1787,1,394,326
11382943,somebody121,0,1,3038,237
11383301,DR.ago,0,1,2522,243
11384335,Irena78,21,1,2248,254
11385520,jens567,45,1,2373,248
11385766,HEED,0,0,0,410
11385801,Damir-TZ,0,1,114,373
11386823,JasamTu,890,17,99106,111
11387879,Ludi+petak+13.,91,303,3246233,29
11388156,buhteljcek,1397,1,308,337
11390345,cotr,1774,1,612,308
11395166,wedel,1114,1,169,359
11395456,AndreicuInima,40,1,3162,232
11396080,ksykor,0,1,155,363
11397366,Already-Registered2,0,1,26,392
11403667,CrUsSaDeR,2223,24,211192,89
11405226,slani,9,1,9484,193
11406891,maxk789,0,1,26,393
11407108,davilnight,29,1,935,287
11412252,Grumpy47,890,50,418235,76
11418206,Merisailyke,260,9,27485,150
11425532,Don+Q,2785,1,5000,212
11428161,Corrion,91,449,5346616,17
11429335,Porewit,2663,8,50407,127
11430151,vojko,0,1,4874,215
11434617,kucina,25,2,15576,175
11438480,eaLogy,260,2,13265,180
11440605,I+am,848,6,47251,128
11440705,sisavac,91,477,4623206,20
11442032,goatboy210,0,1,409,325
11443065,pharaphane,21,4,32133,139
11448654,geng-2007-3000,1114,8,31821,142
11454354,Naty,848,3,9044,195
11455233,PendekarLama,0,1,546,311
11455584,Kung+L.a.w,91,333,3718370,24
11457035,SikTer+Servis,91,273,2780088,34
11457042,Kid+Cudi,91,586,6063180,14
11457342,TeichTheCROlord,91,527,5251386,19
11457926,Moondreamer,26,8,25955,153
11457941,bino,848,1,2564,241
11458079,ade18,890,19,77418,119
11458373,Michael66,260,10,94917,112
11459760,lenne,0,1,5788,206
11461845,Ragge+1,385,1,1850,264
11462294,Hybris,91,460,5345333,18
11462827,Hebzie,1114,1,2173,258
11463013,markosss,2481,67,526846,68
11464215,rankap,2378,1,2636,240
11466831,Rickard800,222,2,6450,204
11467586,varg+veum,25,1,690,302
11467894,Lisszard,2223,9,84434,116
11467949,Henkepenke73,2785,42,304156,82
11469351,signupnewuse,1787,1,2327,251
11470074,DAYTOK,2481,227,2309453,37
11470502,ZVECILKO,26,1,3076,236
11470630,valley,373,1,3116,234
11470893,herrvenom,260,8,74025,121
11473047,yimsuza,0,7,35107,134
11474044,Kung-peter,848,1,616,307
11475608,yucelo,2430,0,0,411
11476245,Edvard+Knyge+Kramf,712,1,60,386
11476488,Sjaak+Trekhaaak,0,1,2086,262
11476860,Darknight.1970,1397,1,3350,230
11477901,KOBRA,2785,1,2526,242
11479778,Herre+katla,2481,42,399389,77
11480773,joakim41,1114,1,826,294
11481794,framg%C3%A5ng,385,6,25110,154
11482104,borilci,2119,1,1072,282
11482122,pouza55,21,1,226,351
11482197,BABABU,1397,7,29869,145
11482451,Nj0fra,2804,1,1645,268
11482886,Laredo,848,44,335966,80
11483196,Kung+Aslan,260,3,31949,140
11483522,kingkaew,1893,2,6650,201
11486106,fisken22,2569,1,274,345
11486132,tonton,385,1,410,322
11486255,dekker,1114,1,2644,239
11486738,lyrsta,2785,8,42111,130
11487627,ericlin,0,2,8045,199
11487784,Loke,0,1,4916,213
11489689,DONOVAN,1397,1,4616,217
11489716,darkmatius,69,1,2211,257
11489732,Lastoco,17,1,408,324
11489779,Getafuen,17,1,705,299
11490685,david+l.h.,17,1,3730,225
11494750,Kyle+Hawk,260,1,5734,207
11495356,Simbaba,91,319,3068361,30
11496292,Vizi..,92,3,29727,146
11503966,Lowe,2481,183,1574553,41
11505351,Sheepdog,20,1,162,361
11506153,mskrabaster1,1114,1,132,369
11512555,kiruban,26,1,1817,265
11512612,Phsymon,848,2,16015,174
11515281,THE+GOD+OF+PENETRATION,91,696,6494389,12
11517884,Lord+MAD,848,7,36242,133
11518142,Theangrylime,1893,4,24230,156
11519668,akxrah,1114,1,346,332
11520401,Bippe,91,290,2867928,32
11520855,psohlavci,870,1,123,372
11522507,krillin,25,1,227,350
11522530,Loto,21,1,431,320
11522973,Babyland,26,1,3295,231
11525933,Waldo06,2481,112,1065470,49
11527470,Junglist,1114,1,166,360
11528442,Darth+Novi,260,1,4018,221
11529024,kingcon1,1468,70,677591,60
11530679,Red+Ranger,1468,585,5909627,15
11530807,Helsinki+I,2223,22,149271,98
11530990,Catwiesel,2785,0,0,412
11531081,Almighty.,0,8,6474,202
11532286,ghost99,0,0,0,413
11532459,Kung+Jimgabf,91,714,6943993,10
11532591,Belay-Boy,0,2,20402,162
11532690,Chickenhmf,1893,15,110465,110
11534163,Klister,1860,1,96,377
11534181,Paulianer,834,0,0,414
11534226,RAJ95,1468,314,3056763,31
11535014,Another+Time,91,879,10418998,3
11535206,Vestreboss,0,1,26,394
11535237,Jazedx,2495,99,831421,54
11535752,jerc,2495,86,834018,53
11536783,tigerellie,282,3,19655,164
11536927,Krlektor,890,29,279078,84
11537417,Bonfire+101,91,799,7839163,6
11537664,Joelcollins92,0,3,16912,172
11538493,suntrust,712,1,2462,245
11539027,ComradeDingleberry,2789,0,0,415
11539099,Al+Abrar,1397,32,193275,91
11539154,antonski9495,260,6,19017,166
11539564,JKH95,2785,2,12897,182
11539990,styv,2223,93,709619,58
11540057,GalenChokladkaka,2223,106,966208,51
11540389,Lord+Trebworth,2223,62,574191,65
11540718,Andy11,0,1,158,362
11540869,m4a1,2785,2,10695,187
11540994,LadyMichelle,260,28,124549,104
11541158,Aritmia,92,61,472031,71
11541616,Cbk83,890,3,25107,155
11542077,Mr+Pork,0,1,26,395
11542214,nosmoking14,2495,75,599417,62
11543145,redhots77,0,1,651,305
11543511,BIH.Lanz,2495,95,906716,52
11544222,Hrolv,1893,1,3097,235
11544521,oLive,2481,4,18585,167
11544821,sist,2647,78,598129,63
11544911,Frankenstein,2481,8,79797,118
11545333,whiteeagle31,848,36,326774,81
11545555,swb4lyfe,2223,55,500211,70
11545710,shin5000,25,1,345,333
11545803,MasterJT,2161,1,303,338
11546574,AbLin002,260,5,11581,184
11546804,Yorfh,1617,1,54,387
11546878,Vank1s,260,6,27917,149
11546979,Derbyian,1114,1,325,335
11547350,Fishyslo,0,1,298,340
11547744,Arxx,2223,91,1091800,48
11549374,kokobest,2481,173,1429933,43
11549944,vekinator,2223,10,93958,113
11550398,zmili,2785,81,689466,59
11551548,kmjetms,848,23,165042,95
11552463,Tan-noI,25,22,169046,94
11556863,Hellhammer,0,1,216,353
11557268,HELOOO,890,22,205658,90
11561567,cityoflight,25,9,71392,122
11563992,Since+1926,216,1,1420,275
11565563,r00chanie,890,17,133221,102
11566262,koscherness,25,1,1482,273
11567143,My+Nemesis,1114,2,10728,186
11569288,Guan+Suo,348,0,0,416
11570339,teo51,0,0,0,417
11573872,navixator,2647,13,87012,114
