21,9,526623
45,15,60143
31,16,227440
53,17,24055
30,20,229552
24,21,354974
18,25,1556637
27,26,283884
50,29,31530
67,38,1701
9,39,19018216
38,45,107108
36,66,115729
56,69,12047
37,71,107833
41,74,75979
42,75,71069
48,84,55467
1,91,968024083
6,92,48411670
35,216,125775
43,222,69747
28,231,278212
71,244,194
11,260,12666360
12,282,10546433
26,348,284684
39,361,99494
62,369,4072
63,373,3595
13,385,5876589
25,479,353058
47,487,58287
59,609,7109
44,660,67764
29,668,239733
19,712,599401
15,797,4842861
49,833,32493
70,834,240
14,848,5530896
54,870,15634
2,890,211496063
61,899,4783
69,1020,918
22,1114,491647
23,1397,460234
4,1468,110523121
52,1617,25171
68,1774,1439
72,1779,52
20,1787,586098
34,1860,128182
17,1893,2528047
3,2000,138831707
32,2119,148315
66,2161,2047
8,2223,19921648
64,2430,3010
5,2481,88100604
7,2495,26245937
55,2560,12400
65,2569,2964
16,2647,3948493
51,2663,25844
60,2666,6353
57,2748,10175
33,2759,138901
58,2770,8902
73,2782,3
10,2785,16352667
40,2789,94564
46,2794,58534
