17,9,16641813
67,15,116679
31,16,2378493
37,17,1254712
36,20,1256710
23,21,8487528
18,25,15271969
26,26,3094496
46,29,642520
19,38,13329272
8,39,62603217
75,40,16477
44,45,888266
73,52,35983
58,66,274285
57,69,318115
48,71,615559
50,74,576105
41,75,1041128
56,84,396677
1,91,1336849004
9,92,62207971
33,216,1842574
38,222,1099848
32,231,2229733
64,244,157856
7,260,107655024
12,282,36031697
25,348,4020559
35,361,1321811
63,369,158737
68,373,113489
16,385,19050724
39,479,1088038
40,487,1086668
52,609,472975
45,660,644366
43,668,936872
24,712,7042673
14,797,23828084
34,833,1784162
72,834,40475
15,848,23067552
65,870,136756
2,890,555744637
59,899,254294
69,1020,93498
21,1114,11769333
51,1184,497339
27,1397,2736605
5,1468,153493207
54,1617,433599
77,1774,4380
74,1779,17980
22,1787,8710899
49,1860,590525
20,1893,12457428
3,2000,377019707
30,2119,2416804
66,2161,118263
13,2223,27596238
76,2378,6346
78,2417,3478
55,2430,410129
4,2481,339011158
11,2495,36212862
62,2560,176028
60,2569,237648
10,2647,47849720
61,2663,193444
71,2666,59478
42,2748,956948
28,2759,2668414
70,2770,73048
47,2782,640682
6,2785,147642188
29,2789,2546559
53,2794,463206
