13,9,16115190
70,15,56536
31,16,2151053
35,17,1230657
39,20,1027158
21,21,8132554
15,25,13715332
26,26,2810612
46,29,610990
16,38,13327571
8,39,43585001
75,40,16477
42,45,781158
73,52,35983
62,66,158556
57,69,306068
48,71,507726
49,74,500126
40,75,970059
56,84,341210
1,91,368824921
14,92,13796301
34,216,1716799
37,222,1030101
32,231,1951521
63,244,157662
6,260,94988664
10,282,25485264
25,348,3735875
36,361,1222317
64,369,154665
67,373,109894
17,385,13174135
43,479,734980
38,487,1028381
51,609,465866
47,660,576602
44,668,697139
24,712,6443272
11,797,18985223
33,833,1751669
72,834,40235
12,848,17536656
65,870,121122
2,890,344248574
58,899,249511
68,1020,92580
18,1114,11277686
50,1184,497339
29,1397,2276371
9,1468,42970086
53,1617,408428
78,1774,2941
74,1779,17928
22,1787,8124801
52,1860,462343
20,1893,9929381
4,2000,238188000
30,2119,2268489
66,2161,116216
23,2223,7674590
76,2378,6346
77,2417,3478
54,2430,407119
3,2481,250910554
19,2495,9966925
61,2560,163628
59,2569,234684
7,2647,43901227
60,2663,167600
71,2666,53125
41,2748,946773
27,2759,2529513
69,2770,64146
45,2782,640679
5,2785,131289521
28,2789,2451995
55,2794,404672
