198,198577,44967
123,241332,1164751
18,262914,233644867
81,599352,15826922
179,677298,116591
127,794996,910755
197,966781,46304
135,1041221,640589
165,1047404,203804
155,1090780,330148
177,1160381,150359
176,1241525,160042
187,1562605,75668
51,1750414,77875990
141,1783519,553662
167,1869052,196543
125,1974392,1121946
59,2022011,54779324
33,2039418,132243527
69,2239841,39709311
166,2624751,202878
181,2683733,115498
5,2734850,414977349
28,2800063,140698637
27,2954602,142702161
145,3064907,477949
205,3090165,25599
37,3305093,120431611
40,3392681,113534216
95,3442394,3698570
100,3704809,2511147
53,3817413,71338758
153,4103061,341415
164,4213549,208118
8,4227871,353414608
60,4233487,51676659
57,4430787,60151123
144,4483134,479237
186,4597869,80414
114,4646333,1661545
124,4699725,1155888
170,4891214,193125
185,4943400,87236
134,7437929,688082
12,7580983,280146653
160,7587840,254039
131,7683705,741512
156,8008687,324853
152,8175891,348079
113,8242032,1680743
206,8477974,22184
209,8708264,2925
173,8761508,170935
91,8863978,4687541
117,9074586,1561779
201,9247761,29464
140,9264537,566626
90,9284626,5093938
9,9321014,328309489
175,9518859,165772
157,9540131,299997
68,9596197,40487639
138,9682465,618764
182,9747178,109463
104,9773949,2327626
115,9829584,1630755
41,9836651,113210040
83,9948582,14621958
24,9955108,183221138
161,9971387,253327
1,10066819,600732786
137,10159601,623085
23,10288766,185777317
16,10308855,246878745
112,10363081,1813479
146,10363882,472834
168,10433885,195816
189,10452473,72433
52,10573539,72585810
147,10579887,414537
73,10585605,27941671
207,10621950,20879
148,10627241,397006
196,10658077,46385
85,10735961,11286193
88,10748485,8113260
139,10768074,593475
202,10866507,27382
4,10946525,462519137
39,10948097,116577576
17,10950521,240880611
54,10950970,70690853
92,10962499,4101447
14,11015566,255622065
63,11060059,48985054
47,11075168,90022811
10,11125816,304996993
35,11173044,127212211
159,11173388,266843
15,11188179,247259451
103,11191996,2390215
128,11195909,829452
143,11203348,485689
130,11217090,748646
77,11251992,24406268
120,11289604,1377084
190,11292097,72246
122,11297454,1251696
188,11297966,75187
13,11312344,262952841
193,11317461,59564
119,11328645,1419455
169,11341866,193241
203,11354869,26696
22,11371246,186491103
158,11381957,269062
171,11382019,184411
172,11383301,183988
199,11384335,40620
210,11385520,1208
195,11385801,47390
121,11386823,1319167
178,11395166,146999
151,11395456,353005
67,11406072,44187529
46,11406870,90462789
19,11406873,229494647
11,11406932,280358961
74,11407061,27041264
66,11407089,45543814
118,11407108,1443715
71,11407394,30006979
106,11408154,2231870
58,11408517,55985020
99,11410275,2818724
7,11413982,388416671
82,11419280,14890868
48,11428468,82749656
34,11428999,129784658
191,11430151,63396
105,11432694,2301701
78,11433166,23426629
43,11438186,109457607
89,11446263,5920719
129,11448654,804162
42,11449814,110060829
93,11452220,3874137
32,11452327,132512018
29,11456896,137894963
38,11457496,117170495
154,11457941,330604
84,11458373,14455127
56,11458581,60675051
184,11459760,95832
163,11461845,214075
162,11462827,243181
200,11467586,36297
126,11467949,1110927
20,11468088,208891045
109,11468682,1963446
102,11469467,2420669
149,11470630,384286
72,11473047,28197788
3,11473626,518908471
107,11474044,2184185
94,11474746,3851292
30,11475029,137417491
31,11475533,136050701
97,11476128,2951608
211,11476245,398
44,11476280,99864179
86,11477011,10699939
150,11477901,360823
36,11481519,124165822
25,11482081,166105704
65,11482082,46039883
75,11482083,25100345
21,11482089,200425463
45,11482116,96417472
108,11482197,2064400
132,11482319,735911
2,11482376,597010930
6,11482406,408341139
96,11482411,3166799
133,11482451,728388
192,11482751,61888
174,11482828,166379
55,11483027,62495026
142,11483097,539395
76,11483240,24817187
80,11484645,16063610
87,11484868,9168738
136,11486738,630245
26,11486758,157287079
180,11489779,116299
50,11489805,78511274
79,11490801,16637288
98,11491514,2935609
110,11491589,1924891
70,11491961,33871577
49,11492225,81727144
183,11492424,96069
62,11492545,48995408
116,11496119,1600236
111,11496371,1850152
61,11504793,50303509
64,11511607,46614375
204,11519668,26317
208,11520855,19865
194,11522507,58701
101,11524665,2422911
