185,198577,86
120,241332,30416
11,262914,105723486
81,599352,2129505
193,677298,21
174,794996,558
145,1041221,7368
149,1047404,6114
192,1090780,23
137,1160381,12512
197,1241525,4
180,1562605,209
42,1750414,23685268
187,1783519,50
127,1869052,25049
97,1974392,155424
76,2022011,4217147
23,2039418,64924083
40,2239841,25014069
161,2683733,2246
7,2734850,128435926
30,2800063,43835097
34,2954602,30474262
133,3064907,14699
160,3090165,2259
73,3305093,4949273
39,3392681,25394290
100,3442394,105624
109,3704809,53949
69,3817413,7273963
157,4103061,2679
140,4213549,10415
14,4227871,100751431
64,4233487,12596142
36,4430787,29002333
107,4483134,67023
196,4597869,9
101,4646333,99956
117,4699725,32881
159,4891214,2334
173,4943400,589
170,7437929,676
10,7580983,109117584
148,7587840,6343
138,7683705,10792
152,8008687,3197
153,8175891,2939
95,8242032,183396
189,8708264,40
167,8761508,756
87,8863978,419083
139,9074586,10701
158,9264537,2672
103,9284626,95881
4,9321014,145390646
176,9518859,402
130,9540131,21944
51,9596197,19134836
175,9682465,502
178,9747178,245
99,9773949,112379
179,9829584,228
26,9836651,58177430
75,9948582,4831174
20,9955108,84538849
188,9971387,48
1,10066819,289178193
128,10159601,23660
18,10288766,95200446
13,10308855,101166744
116,10363081,33650
141,10363882,9447
166,10433885,770
184,10452473,90
65,10573539,11136113
163,10579887,1587
62,10585605,12847624
194,10621950,14
132,10627241,16544
168,10658077,755
86,10735961,519428
154,10768074,2897
135,10866507,14197
5,10946525,143835686
41,10948097,24671837
31,10950521,40837752
37,10950970,28602757
102,10962499,98556
12,11015566,101205652
52,11060059,19058648
59,11075168,14954766
3,11125816,155105394
19,11173044,86208529
104,11173388,91743
8,11188179,125100350
89,11191996,278738
105,11195909,78936
96,11203348,181150
129,11217090,22911
88,11251992,390354
182,11289604,131
134,11292097,14269
143,11297966,7896
6,11312344,141824261
125,11328645,27968
144,11341866,7731
24,11371246,62451966
162,11381957,1919
126,11382019,25715
198,11383301,4
195,11384335,13
181,11385801,169
146,11386823,6851
110,11395166,49754
57,11406072,15889985
33,11406870,30796144
28,11406873,52179978
21,11406932,77809833
78,11407061,3367926
60,11407089,14169741
111,11407108,46592
56,11407394,16049112
98,11408154,121409
74,11408517,4848899
84,11410275,677032
16,11413982,99068186
112,11419280,45890
58,11428468,15854223
50,11428999,19798643
165,11430151,1005
108,11432694,56094
83,11433166,1047805
38,11438186,27372599
80,11446263,2812840
177,11448654,343
46,11449814,20835482
122,11452220,29207
27,11452327,54769441
44,11456896,22816000
29,11457496,51998880
136,11457941,13030
90,11458373,261337
47,11458581,20737396
171,11459760,667
172,11461845,591
164,11462827,1146
186,11467586,63
124,11467949,28060
53,11468088,18541020
155,11468682,2742
93,11469467,209926
142,11470630,8706
70,11473047,7174496
2,11473626,181657438
123,11474044,28520
147,11474746,6627
22,11475029,70042811
32,11475533,40338086
113,11476128,43780
48,11476280,20491007
77,11477011,3457955
151,11477901,4363
25,11481519,61512577
35,11482081,30182913
67,11482082,9370973
72,11482083,5126620
63,11482089,12842702
54,11482116,18098663
119,11482197,31991
115,11482319,35666
9,11482376,118981564
15,11482406,100540840
121,11482411,29586
190,11482451,40
150,11482828,4430
55,11483027,17726360
114,11483097,39710
82,11483240,1105345
68,11484645,7861556
85,11484868,525503
106,11486738,76905
17,11486758,96800820
183,11489779,99
49,11489805,20049668
79,11490801,3246021
94,11491514,197705
131,11491589,18068
71,11491961,6917290
43,11492225,23574490
191,11492424,33
45,11492545,20922370
92,11496119,216218
91,11496371,217189
61,11504793,13604109
66,11511607,10764939
169,11519668,690
118,11522507,32432
156,11524665,2682
