196,198577,44881
117,241332,1134328
18,262914,107546473
68,599352,11629859
178,677298,116518
123,794996,910173
194,966781,46304
132,1041221,633221
164,1047404,194985
152,1090780,327614
176,1160381,137847
174,1241525,160032
187,1562605,75247
40,1750414,42765664
136,1783519,553552
169,1869052,170723
121,1974392,966455
39,2022011,44294644
46,2039418,30776413
81,2239841,5071223
161,2624751,202878
180,2683733,112968
4,2734850,259216884
32,2800063,59070796
17,2954602,107572408
141,3064907,441632
203,3090165,23340
16,3305093,108108800
30,3392681,59941838
85,3442394,3581552
101,3704809,1851388
27,3817413,61363245
150,4103061,338736
163,4213549,197668
6,4227871,206447326
44,4233487,36540939
105,4430787,1600480
143,4483134,412191
186,4597869,80195
107,4646333,1561059
118,4699725,1109454
165,4891214,190791
185,4943400,81995
129,7437929,687404
11,7580983,139447613
158,7587840,246517
127,7683705,720019
153,8008687,321656
149,8175891,345134
108,8242032,1497028
204,8477974,20896
208,8708264,2885
170,8761508,170179
83,8863978,4086667
110,9074586,1434402
199,9247761,29464
138,9264537,551693
82,9284626,4823463
7,9321014,169633325
172,9518859,165350
157,9540131,257520
102,9596197,1790341
133,9682465,614965
181,9747178,109214
93,9773949,2215155
104,9829584,1630363
48,9836651,27938898
71,9948582,9740689
51,9955108,25760856
162,9971387,202525
5,10066819,254433475
134,10159601,599413
56,10288766,19819612
14,10308855,127231519
122,10363081,930534
140,10363882,463387
168,10433885,182627
188,10452473,72249
37,10573539,53387793
142,10579887,412933
77,10585605,7939573
206,10621950,18529
144,10627241,380102
195,10658077,45627
72,10735961,9286410
76,10748485,8109556
135,10768074,590575
207,10866507,13143
2,10946525,300531809
28,10948097,60797570
12,10950521,137452424
55,10950970,20844596
84,10962499,3897035
24,11015566,71464808
73,11060059,8444031
31,11075168,59330099
23,11125816,72273277
47,11173044,29143878
171,11173388,170022
19,11188179,93003320
99,11191996,1947937
128,11195909,699131
155,11203348,289930
126,11217090,724997
63,11251992,14791035
111,11289604,1376953
191,11292097,57977
114,11297454,1251696
192,11297966,57930
33,11312344,57229194
190,11317461,59564
115,11328645,1242832
166,11341866,185510
200,11354869,26676
22,11371246,85575577
156,11381957,267141
175,11382019,158696
167,11383301,183970
197,11384335,40596
209,11385520,1208
193,11385801,47221
113,11386823,1312026
182,11395166,97245
148,11395456,353001
59,11406072,18472087
36,11406870,54457694
8,11406873,159389911
10,11406932,145019725
61,11407061,16582324
54,11407089,21196907
112,11407108,1367179
74,11407394,8290160
119,11408154,1100436
42,11408517,37608172
97,11410275,1967053
34,11413982,56826857
65,11419280,13996366
29,11428468,60444818
20,11428999,92181442
189,11430151,62391
103,11432694,1790011
67,11433166,13186137
35,11438186,56236547
130,11446263,669451
124,11448654,803816
109,11449814,1462719
92,11452220,2249968
86,11452327,3094955
21,11456896,90299695
64,11457496,14699642
154,11457941,317574
70,11458373,10440591
49,11458581,27349675
184,11459760,95165
160,11461845,213477
159,11462827,241529
198,11467586,36234
120,11467949,1082863
9,11468088,149162193
98,11468682,1956773
95,11469467,2007525
145,11470630,375554
79,11473047,6489494
26,11473626,67921456
96,11474044,2002197
147,11474746,354968
89,11475029,2836603
131,11475533,665345
88,11476128,2874408
210,11476245,398
25,11476280,70114006
106,11477011,1585116
151,11477901,329218
43,11481519,37352498
15,11482081,117779926
52,11482082,25578627
66,11482083,13592872
13,11482089,132059017
38,11482116,52273926
94,11482197,2032356
146,11482319,373850
1,11482376,456882650
3,11482406,260116777
87,11482411,2950217
125,11482451,728348
211,11482751,187
173,11482828,161949
60,11483027,18106206
139,11483097,499620
58,11483240,18622645
80,11484645,6256361
78,11484868,7539843
137,11486738,553314
62,11486758,15439902
179,11489779,116200
41,11489805,40970098
69,11490801,10561268
90,11491514,2737872
100,11491589,1906823
53,11491961,23791902
57,11492225,19445844
183,11492424,95410
75,11492545,8157297
177,11496119,134313
116,11496371,1179167
50,11504793,25774020
45,11511607,32580664
202,11519668,25627
205,11520855,19861
201,11522507,26178
91,11524665,2370762
