198577,orsamannen,37,1,1916,133
241332,Peterale,764,1,2591,125
262914,I+Ching,889,1007,11531624,10
599352,hatuey,1066,2,9845,98
677298,Gelimar,34,1,254,196
794996,chelsea+shed,34,1,9316,100
966781,Amnesia+bs,37,1,201,199
1041221,jmslklcs63,37,1,994,151
1047404,cocodelish,34,2,5776,106
1090780,glossytop,0,1,2277,129
1160381,DaPinkMaster,1776,1,997,150
1241525,kraggo,2910,1,583,168
1562605,haightrules,37,1,2504,126
1750414,JJFurr,520,416,3535996,39
1783519,Rurik+I,1776,1,502,173
1869052,Tcoen,3069,1,545,171
1974392,MELPETTIT,34,1,4005,112
2022011,rasher3,1437,94,843661,63
2039418,Stewinthepot,520,694,6977629,24
2239841,cocoddy,889,293,3182665,40
2624751,billadi66,480,1,743,161
2683733,tronar,764,1,364,184
2734850,HelloHeidy,889,1177,13725587,5
2800063,Will1990+Siggi+Arazlam,399,4,1798,134
2954602,bluenile23,399,13,139344,76
3064907,nomadpdx,2910,1,1451,140
3090165,jlarry,2910,1,293,191
3305093,sriram+s,1437,51,506632,70
3392681,Noobs+United,399,78,790711,64
3442394,WildManOfBorneo,35,1,2702,123
3704809,ggerdes,35,1,459,176
3817413,lordcarr,1437,116,1178106,60
4103061,antonthemeff,221,1,6408,103
4213549,lykorz,1776,1,306,190
4227871,karlmydia,889,1043,11123982,12
4233487,the+little+ones,399,1,3498,116
4430787,MexicanFireMonkey15,889,396,4056527,33
4483134,lamigra,37,1,3367,118
4597869,YOKOZUNA,2827,1,437,179
4646333,The+Dyslexic+Knight,3104,1,143,204
4699725,Sire+Rick,2910,1,345,185
4891214,jfrans,3135,1,1008,149
4943400,DonNorman,34,1,718,162
7437929,ciaran1,676,1,384,181
7580983,Wrekt,889,1143,11976998,9
7587840,lordjer61,2910,1,315,189
7683705,habe41,34,1,1341,141
8008687,sirestoner,1776,1,2642,124
8175891,BELI-GROM,0,1,1206,144
8242032,Richardthesix,34,6,28416,91
8477974,patschwoab,34,1,8865,101
8708264,bond722002,3199,1,256,195
8761508,capolux,1340,1,671,165
8863978,El+Grego+I,35,2,5138,107
9074586,GlasgowRFC,1776,1,552,170
9247761,HERCULES1966,37,1,229,198
9264537,pcsfari,34,1,1488,139
9284626,Playmate,2771,1,319,188
9321014,Red+Cup,889,1408,14861545,2
9518859,stelup,0,1,204,200
9540131,kiwi2011,37,7,38074,89
9596197,JonsDirtyLittleSecret,889,334,3178064,41
9682465,nitehawktribe,37,1,338,186
9747178,Zortan,37,1,1605,135
9773949,King+Simi,37,1,368,183
9829584,lucii+agripa,0,1,370,182
9836651,D+Golon,889,508,5249952,29
9948582,NeoStorm,1437,1,10845,95
9955108,garry1203,889,902,11240702,11
9971387,Destikado,1776,1,292,192
10066819,SergeantCrunsh,889,1620,16634790,1
10159601,cacalolo,37,1,1240,143
10288766,Wolf+J+Flywheel,889,900,10752914,14
10308855,Arne+x+Lucie,889,1058,13091923,8
10363081,re+robertum,1776,1,584,167
10363882,Bugoy,1776,3,9846,97
10433885,nwad,37,1,448,177
10452473,PinkLisa,206,1,2250,130
10573539,G-man,399,71,761912,65
10579887,G-Rex,723,1,174,202
10585605,calvinjj,1437,65,618615,66
10621950,drakelius,37,1,911,154
10627241,SlackerJ,2910,1,3326,119
10658077,sampurna,0,1,569,169
10735961,done,34,1,959,153
10748485,ralsjo,37,1,1052,148
10768074,jumbee+the+crate,3223,1,2040,132
10866507,ALKAMIST,37,1,782,159
10946525,lXl+Pain+lXl,889,847,8903658,19
10948097,The+Simple+Potato,399,42,448797,71
10950521,BENTLEY,399,524,5521589,28
10950970,Pink.Panther.,520,316,3112556,42
10962499,arturas,35,1,3443,117
11015566,hellosilver,889,882,9089523,18
11060059,Qwazy98,889,319,2920745,44
11075168,Christi+crux+est+mea+lux,399,41,402076,72
11125816,%2ACaligula,399,2,17311,92
11173044,Superdog,889,1338,14599359,3
11173388,Kanki,2958,3,12096,93
11188179,Space+Force+Cadet,889,1070,13388703,7
11191996,snpn,245,28,308822,73
11195909,John69Cee,35,1,287,193
11203348,%2APain+In+Da+Axe%2A,34,1,4368,109
11217090,Jonhil,1445,1,676,164
11251992,teca70,1437,59,547634,69
11289604,Ojsan,34,1,3824,114
11292097,sunilvghs,0,1,4329,110
11297454,megahitSRT8,220,1,771,160
11297966,John25,1776,1,83,208
11312344,EasyBoy,889,796,7960536,22
11317461,Fritzi2,34,1,4465,108
11328645,NightLady,2910,1,274,194
11341866,ragoon9,0,1,2293,128
11354869,RobertB58,2075,1,6774,102
11371246,SkrukkatPung,889,907,9205544,16
11381957,boki007,647,2,10218,96
11382019,Emanuela+Zidar,163,1,463,175
11383301,DR.ago,2910,1,1514,137
11384335,Irena78,1746,1,2366,127
11385520,jens567,34,1,3169,120
11385801,Damir-TZ,2835,1,138,206
11386823,JasamTu,2938,1,5976,105
11395166,wedel,34,12,44441,87
11395456,AndreicuInima,2910,1,83,209
11406072,Marlbo2o,399,368,3922101,35
11406870,tongcj,399,365,3838863,37
11406873,bigszang15,399,167,1686014,57
11406932,Eno2mous,1726,807,8556986,20
11407061,Thanakritlee,399,188,1926246,55
11407089,tomnana,245,204,2150603,52
11407108,davilnight,1726,16,88099,82
11407394,-Theseus-,245,18,170450,75
11408154,nayrai,245,4,39709,88
11408517,Aquaman,245,12,124330,78
11410275,FREETIME,245,14,108869,81
11413982,Rajasit%2A+%2A,399,780,8045112,21
11419280,wertas,1776,1,3872,113
11428468,police33,245,236,2421857,50
11428999,-+moonlight+-,245,267,2811005,46
11430151,vojko,0,1,100,207
11432694,yuttanan,1726,14,111869,79
11433166,rachatar123,245,192,1947463,54
11438186,Tood,245,367,3598827,38
11446263,CoolAsIce,0,1,3776,115
11448654,geng-2007-3000,34,1,906,155
11449814,Rimulous,889,481,4686748,31
11452220,mammoTH066,1726,9,109486,80
11452327,slax,889,793,7931087,23
11456896,sdkun,399,348,3865355,36
11457496,Davedunks,889,620,6670854,26
11457941,bino,2910,1,2961,121
11458373,Michael66,35,1,4305,111
11458581,Lite+User,1437,1,36,210
11459760,lenne,0,1,439,178
11461845,Ragge+1,1776,1,664,166
11462827,Hebzie,1693,1,901,156
11467586,varg+veum,34,1,1155,146
11467949,Henkepenke73,34,2,11116,94
11468088,Dead+rose,399,271,2795647,47
11468682,papagajos,1776,1,1202,145
11469467,geniusma,3038,1,1584,136
11470630,valley,1501,1,6104,104
11473047,yimsuza,245,86,880647,62
11473626,martyyboy,889,1385,14565773,4
11474044,Kung-peter,1776,1,2761,122
11474746,oaizaa,645,10,83561,83
11475029,MiiraK,889,906,9156779,17
11475533,Bipod,889,943,9451013,15
11476128,Hasse68,1776,1,1339,142
11476245,Edvard+Knyge+Kramf,2910,1,1110,147
11476280,qwertypoi,399,193,1976790,53
11477011,Assyrians,245,142,1246637,58
11477901,KOBRA,0,1,36,211
11481519,Zafi,889,606,6835257,25
11482081,Mayna1,399,388,4036290,34
11482082,wory,245,186,1906958,56
11482083,Achai,245,6,60139,86
11482089,manaw,399,265,2814004,45
11482116,xixjapanxix,399,401,4442535,32
11482197,BABABU,2812,1,400,180
11482319,chaisg,0,9,71594,84
11482376,Tony+Stark,889,985,11110795,13
11482406,Mr.Eggman,399,469,4983711,30
11482411,anatome,1726,3,30234,90
11482451,Nj0fra,77,1,991,152
11482751,tongzii,1726,1,9818,99
11482828,zoki6,2910,1,189,201
11483027,Jinjarea,245,281,3068195,43
11483097,LANT2,0,1,866,157
11483240,kwang,1726,13,128700,77
11484645,woramete,245,55,563701,68
11484868,drewtolo,35,1,2203,131
11486738,lyrsta,0,1,156,203
11486758,Princeijs,889,1157,13441885,6
11489779,Getafuen,924,1,482,174
11489805,k.vittaya11,245,261,2647076,49
11490801,phatcatmeow,1066,72,614597,67
11491514,GasperR96,1115,10,70183,85
11491589,tabeli,0,1,139,205
11491961,flodu68,245,117,1130441,61
11492225,daithi,889,585,5845838,27
11492424,Ivy224,2910,1,689,163
11492545,purepure1993,245,215,2291739,51
11496119,bondlabong,1726,22,193987,74
11496371,GreveSistaBossen,35,1,322,187
11504793,Ton391,245,313,2761098,48
11511607,khongpho,245,115,1224471,59
11519668,akxrah,827,1,840,158
11520855,psohlavci,2938,1,247,197
11522507,krillin,2910,1,541,172
11524665,nisse-b,35,1,1487,138
