10,34,34435319
7,35,91872181
13,37,18195196
21,77,2831188
26,163,1509403
41,206,72339
22,220,2634393
20,221,4144753
4,245,791195150
2,399,4936613424
37,480,211921
6,520,298930461
30,645,638647
35,647,269060
29,676,688040
33,723,462658
18,764,5696292
15,827,6392350
1,889,4974775231
31,924,628309
11,1066,30312649
19,1115,5125557
8,1340,54946198
3,1437,1150321088
28,1445,747908
14,1501,7599440
36,1693,241466
5,1726,487216087
40,1746,88542
9,1776,42475342
34,2075,358734
12,2771,20838730
23,2812,2064347
42,2827,59543
43,2835,41522
16,2910,6288735
27,2938,1159254
17,2958,5808059
24,3038,1825583
39,3069,138858
25,3104,1588364
38,3135,193098
44,3199,2925
32,3223,533706
