13,34,1305080
8,35,5656333
15,37,731265
23,77,61070
20,163,258742
40,206,90
25,220,42681
24,221,44267
4,245,300035676
2,399,1298997215
38,480,885
6,520,131856200
30,645,17934
36,647,1919
39,676,636
33,723,3545
17,764,419300
14,827,791230
1,889,2651354170
32,924,13251
7,1066,7205260
19,1115,270449
9,1340,3789956
3,1437,438360759
29,1445,22911
11,1501,1787879
37,1693,1146
5,1726,132287669
34,1746,3029
12,1776,1562977
28,2075,30825
10,2771,2755413
27,2812,31991
18,2910,314984
21,2938,113252
16,2958,480299
26,3038,33184
31,3069,15709
22,3104,95744
35,3135,2307
41,3199,40
