10,34,33130239
7,35,86215848
13,37,17463931
21,77,2770118
26,163,1250661
41,206,72249
22,220,2591712
20,221,4100486
4,245,491159474
1,399,3637616209
37,480,211036
6,520,167074261
30,645,620713
35,647,267141
29,676,687404
33,723,459113
18,764,5276992
16,827,5601120
2,889,2323421061
31,924,615058
11,1066,23107389
19,1115,4855108
8,1340,51156242
3,1437,711960329
28,1445,724997
15,1501,5811561
36,1693,240320
5,1726,354928418
40,1746,85513
9,1776,40912365
34,2075,327909
12,2771,18083317
23,2812,2032356
42,2827,59543
43,2835,41522
14,2910,5973751
27,2938,1046002
17,2958,5327760
24,3038,1792399
39,3069,123149
25,3104,1492620
38,3135,190791
44,3199,2885
32,3223,533706
