422,93558,65064
122,131000,7979738
492,198577,8562
526,237729,1
299,241332,364499
183,260876,2327291
20,266832,144297638
407,267865,76847
399,530168,87471
514,541223,1136
4,561464,290091043
187,568199,2162377
403,677298,84499
239,728619,726992
321,794996,256214
95,955649,18757098
306,966781,310930
251,981725,616138
244,987964,671162
287,1011474,409251
361,1047404,151154
417,1090780,68189
155,1184981,3729014
415,1191124,70510
353,1241525,170080
304,1326730,323028
11,1340513,212686931
420,1581217,66733
278,1593245,463901
346,1689189,178500
75,1706917,34053413
311,1783519,300862
379,1846025,109772
249,2009458,639943
380,2119345,109644
112,2258472,10752492
73,2319785,35612965
171,2624751,2940234
436,2686691,47102
149,2755432,4420905
99,2819640,17074030
331,2891867,237899
282,2896896,430512
44,2928456,82122050
170,3016894,2991450
499,3090165,4940
389,3118342,97399
329,3209140,243290
237,3323257,742958
224,3442394,1044287
275,3456477,471956
434,3477401,49381
460,3542945,25297
500,3577074,4595
334,3610753,222447
482,3763830,14777
421,3767275,66582
386,3826500,101551
467,3826825,21086
405,3861322,81775
293,3894841,383204
243,3956610,679233
479,3987809,16586
324,4037445,250022
229,4059028,911004
330,4103061,241380
377,4153027,110593
50,4161474,67959329
41,4185834,83084040
169,4188200,3020605
177,4212562,2558182
364,4213549,145762
497,4215573,5278
279,4227564,454392
365,4291569,143899
270,4323298,495874
414,4328311,70952
418,4400005,67628
472,4483134,19528
9,4560143,262670712
309,4597869,305265
474,4625704,18968
507,4646333,3253
272,4649805,487219
322,4699725,255092
455,4891214,28914
451,4943400,29790
200,7437929,1530088
259,7446855,559739
443,7587840,34309
506,7636380,3540
352,7683705,172738
469,7731521,20732
186,7756855,2187348
464,7807227,23166
179,7809591,2470796
345,7841840,179040
335,7931524,218700
453,7938947,29329
348,8104989,176889
305,8175891,319259
264,8242032,533952
135,8346072,5714166
398,8451898,87662
369,8572750,130389
71,8625762,39267218
518,8708264,711
62,8745234,55770728
463,8761508,23694
387,8823670,101118
394,8929862,90913
366,9064226,140231
64,9088320,51134218
191,9111308,1969211
69,9158573,41704098
336,9177385,215417
300,9235028,360871
236,9239362,821260
452,9247761,29509
314,9249362,287772
454,9264537,29158
253,9284626,612359
267,9319347,511294
441,9442449,40937
477,9460639,17466
430,9518859,55568
269,9528423,502271
245,9540131,666159
371,9592666,122784
165,9643866,3182557
66,9666398,48170496
378,9669713,110412
28,9670541,116967463
466,9682465,21396
301,9715852,356910
83,9726572,26810123
457,9729024,27526
462,9730076,24977
363,9739122,145940
395,9747178,89545
40,9750905,83612458
458,9755423,27068
409,9769137,75694
350,9773949,174776
193,9788930,1753467
271,9815210,492600
456,9816586,28235
25,9841480,123974085
357,9846874,163688
67,9848210,43738431
491,9855604,8714
174,9866869,2773962
42,9867614,82992286
199,9889786,1577683
148,9896993,4604195
18,9898925,152160090
291,9912180,391986
82,9922623,27494748
400,9937811,86706
505,9948582,4045
437,9948696,46976
446,9960123,33258
121,9977697,8176446
375,9979858,114187
342,10006413,186612
192,10006848,1962638
383,10016871,105244
373,10026498,120878
134,10030348,5728442
262,10103656,547836
385,10125449,101659
362,10159601,149409
221,10160926,1068957
57,10177562,60874417
93,10181061,20141764
521,10186786,275
59,10209148,57768901
217,10237688,1160178
447,10265807,31793
5,10308855,285353867
125,10318405,7545891
212,10331147,1218403
296,10363081,377103
303,10363882,329097
35,10368269,99469679
15,10396534,182080608
261,10404773,551294
137,10407488,5621193
429,10416661,57253
493,10452473,7465
276,10458494,467564
515,10492145,1047
195,10498849,1686056
323,10508177,250052
115,10514103,9929017
489,10516819,10049
338,10579887,210777
449,10580834,31412
27,10586680,122703478
484,10621950,12574
359,10627241,156033
227,10644867,957033
485,10658077,11576
85,10675040,24066337
206,10676513,1355206
228,10689189,922417
142,10735961,5051065
292,10742302,389797
188,10768074,2148015
86,10777281,23991770
260,10807416,557637
360,10823358,154165
356,10827122,167764
517,10836054,791
488,10866507,10084
354,10894401,169295
131,10963972,6032793
117,10986878,9143163
381,10998291,109643
162,11008265,3381199
61,11021690,56384626
164,11036562,3214995
411,11047263,73853
428,11062763,57273
51,11088831,67382701
442,11091514,35640
153,11092647,3898317
230,11093157,910038
240,11119418,714950
431,11121928,53790
33,11129135,104848313
384,11154353,102306
308,11156736,305332
501,11168411,4572
39,11172404,84801942
424,11173388,63862
343,11176275,180519
88,11181341,23327183
258,11181835,567816
190,11191996,1971968
104,11195011,14339408
426,11195909,59983
326,11199302,246894
423,11203348,64348
74,11205352,34949548
133,11211227,5856364
173,11212222,2848587
3,11213225,297425107
439,11217090,43036
63,11225233,55717380
172,11231657,2910990
509,11260031,3116
286,11265120,422259
202,11267485,1498905
6,11268401,284303434
1,11270843,360923995
241,11278858,695403
254,11289604,605607
32,11291357,106340148
30,11291361,113317072
197,11295245,1584812
220,11297454,1112704
432,11297966,51869
219,11300567,1117542
7,11311447,274401927
435,11312783,47946
444,11317461,34168
36,11323081,94564121
123,11325829,7801075
307,11329728,305763
151,11331072,4303168
101,11331387,15989945
144,11331408,5029244
523,11336348,128
438,11341866,44917
481,11345061,15143
52,11345870,66933244
13,11345880,196559268
283,11355676,429769
79,11362156,30588043
487,11364013,10399
37,11364300,90148771
102,11365227,15690293
232,11368171,885373
163,11374864,3222088
29,11375929,115152973
289,11377256,405414
113,11380846,10572501
413,11381957,73189
204,11381976,1423947
119,11381996,8377364
393,11382104,94131
284,11382199,428861
250,11382202,629014
2,11382525,308439453
129,11382656,6594971
448,11382866,31738
465,11383301,23098
294,11383869,379318
425,11384335,63677
527,11385223,1
512,11385520,1504
510,11385801,2662
315,11386823,281180
372,11387295,121423
495,11388156,5656
295,11390345,377402
255,11392673,595456
433,11395166,51465
450,11395456,30043
273,11396080,482673
246,11398399,650183
235,11399884,832191
233,11400101,878497
288,11401765,407212
43,11406423,82264141
404,11407108,83530
274,11407231,473168
203,11407751,1455770
166,11408545,3099299
370,11414445,126241
391,11429335,97147
520,11430151,448
84,11431539,24615725
410,11434215,74777
147,11434438,4679059
23,11438915,131223866
189,11445756,2020973
38,11447423,88744237
107,11449084,12634340
34,11449805,101282482
46,11454219,80632848
194,11455233,1715446
45,11457013,81714337
22,11457094,139936918
231,11457435,907571
222,11457441,1059583
159,11457479,3450675
87,11457531,23889845
116,11457554,9748744
157,11457623,3637469
225,11457670,1032014
502,11457850,4355
349,11457941,175003
290,11458072,393962
111,11458076,10829347
54,11458581,62880872
114,11458611,10077648
70,11458635,40530453
401,11459760,86396
31,11460924,109434008
12,11461431,197797335
150,11461462,4402025
167,11462445,3095425
49,11462507,68558089
132,11462697,6025604
10,11462716,233006155
297,11462827,372273
109,11466175,12433110
234,11466787,861662
215,11466831,1171892
445,11467586,33793
339,11467949,200665
328,11470355,246176
17,11470473,154277073
312,11470630,295044
108,11470674,12560715
72,11471522,37284403
242,11472204,685989
14,11472757,192856806
80,11473615,30052468
198,11473738,1581937
175,11474044,2773706
247,11475608,648983
496,11475752,5568
337,11475884,212478
516,11475955,987
503,11476245,4204
316,11476488,275025
511,11476860,1561
397,11477901,88511
81,11478080,29629886
268,11479481,510853
298,11480773,369382
106,11481109,13074622
388,11481794,99667
313,11482104,288188
209,11482176,1242432
478,11482197,16891
218,11482451,1120762
310,11483150,304273
374,11483522,117765
412,11484352,73330
161,11485996,3387700
248,11486106,646020
210,11486132,1228541
392,11486738,94300
332,11487627,237467
213,11487784,1206857
368,11489689,135486
185,11489732,2222770
92,11489762,20164691
208,11489779,1278248
182,11489783,2343563
238,11489847,727520
211,11492922,1221459
178,11493248,2475946
65,11493737,49226063
176,11493885,2629434
140,11495131,5186281
341,11498813,190683
16,11499239,156624556
382,11506153,106599
47,11506857,75349767
60,11510758,56705268
263,11510773,540541
152,11510891,4119993
396,11512291,89246
340,11512555,192195
24,11513446,127817143
110,11515187,12350720
139,11516021,5342856
91,11516051,20228440
141,11517057,5173197
344,11518142,180232
490,11519127,8769
486,11519668,10889
8,11520119,271628032
483,11520855,14141
419,11521769,67255
440,11522507,41135
265,11522530,526068
48,11523906,75038913
318,11525988,266481
181,11528442,2390757
56,11528930,62131959
317,11528979,268287
347,11530666,176927
138,11531497,5612204
98,11534163,17434866
406,11535206,79271
89,11535590,22606372
325,11535784,247599
19,11536284,148652502
280,11536783,453135
77,11537417,30790350
26,11538780,122943878
127,11539591,7130629
146,11540308,4761501
68,11540383,42738267
214,11541109,1183869
53,11543158,63687821
205,11543386,1396849
126,11543561,7160310
367,11544222,139283
470,11544449,19950
196,11544521,1645599
468,11544821,20931
168,11545699,3076438
427,11545803,59852
223,11546804,1058848
118,11546917,9078526
105,11547227,13459760
402,11547350,84697
78,11547556,30785058
124,11547600,7696198
524,11547756,23
184,11549689,2292294
160,11550183,3425198
252,11550373,615869
158,11550958,3482747
143,11551548,5050722
58,11552136,59168514
461,11552741,25007
130,11552777,6328428
136,11552803,5696466
145,11552936,4859873
76,11553669,30823170
21,11554478,141215480
97,11556011,17647919
55,11556129,62194921
128,11556288,6969212
319,11556371,260886
96,11556848,18236137
302,11556863,352348
94,11557195,19595809
201,11557887,1501097
90,11557903,22423897
355,11557924,168346
100,11558148,16908199
281,11558769,449279
103,11559088,14479140
416,11560401,70439
120,11560557,8216911
327,11563992,246584
256,11564418,578288
475,11566472,18682
277,11567911,464103
408,11570339,75737
216,11570683,1169236
480,11572407,15763
180,11573661,2435399
459,11574042,25509
257,11575394,573162
266,11575506,522474
351,11575557,174057
522,11576585,219
154,11577464,3826837
333,11578055,234338
207,11578280,1289770
376,11579752,111330
471,11580006,19774
358,11583189,158296
476,11583949,17494
285,11584687,425174
390,11587448,97359
519,11587473,506
494,11589311,6769
504,11589719,4168
320,11590545,259473
525,11592066,5
156,11592122,3710836
473,11592213,19271
226,11593476,1023224
498,11599494,5165
508,11601310,3184
513,11601632,1314
