135,131000,1874697
419,198577,285
295,241332,9121
151,260876,778773
34,266832,29559280
443,267865,70
210,530168,69901
1,561464,157953732
146,568199,1109952
207,728619,71326
353,794996,2333
73,955649,9625113
200,966781,81036
339,981725,3213
263,987964,21743
202,1011474,78824
247,1047404,29102
123,1184981,2798390
476,1326730,4
3,1340513,101984550
358,1581217,2166
334,1593245,3457
364,1689189,1916
92,1706917,6709031
442,1846025,75
198,2009458,87805
296,2119345,8823
105,2258472,4880754
61,2319785,15674842
175,2624751,244895
284,2686691,12169
119,2755432,3464257
132,2819640,2052953
224,2891867,48556
251,2896896,27055
71,2928456,10249006
330,3016894,4003
453,3090165,38
390,3118342,845
329,3209140,4032
303,3323257,7889
232,3442394,44559
213,3456477,64816
378,3477401,1307
281,3542945,13066
432,3577074,127
226,3610753,46660
405,3763830,507
291,3767275,10391
217,3826500,59999
424,3826825,189
377,3894841,1325
366,3956610,1844
376,3987809,1336
416,4037445,309
256,4103061,25007
231,4153027,44923
23,4161474,40708565
90,4185834,6942058
130,4188200,2393452
253,4212562,26772
310,4213549,6106
407,4227564,434
333,4291569,3882
235,4323298,43662
315,4483134,4844
2,4560143,146362222
354,4597869,2320
450,4625704,43
469,4646333,9
408,4649805,425
400,4699725,594
403,4891214,519
397,4943400,630
258,7437929,24233
340,7446855,3171
394,7587840,733
446,7683705,56
302,7731521,7941
165,7756855,375804
331,7807227,3964
193,7809591,107012
327,7841840,4203
371,7931524,1612
319,7938947,4693
312,8104989,5912
349,8175891,2642
206,8242032,72086
157,8346072,574720
380,8451898,1260
204,8572750,75468
43,8625762,23705164
31,8745234,34752184
455,8929862,32
434,9064226,108
52,9088320,18263728
268,9111308,19568
89,9158573,6969391
189,9177385,129880
174,9235028,267186
191,9239362,113932
248,9249362,27910
430,9284626,131
203,9319347,76463
311,9518859,6083
382,9528423,1182
265,9540131,20625
356,9592666,2255
322,9643866,4513
107,9666398,4503078
368,9669713,1763
8,9670541,62451284
363,9682465,1917
306,9715852,7173
131,9726572,2276898
286,9729024,11797
433,9730076,108
413,9739122,332
314,9747178,5174
18,9750905,45619565
274,9755423,16252
428,9769137,134
393,9773949,748
144,9788930,1216989
280,9815210,14284
287,9816586,11081
9,9841480,62289203
269,9846874,19424
69,9848210,10783254
219,9866869,57833
29,9867614,36445343
387,9889786,954
143,9896993,1325669
19,9898925,44823136
351,9912180,2419
55,9922623,17080739
313,9948696,5207
346,9960123,2723
168,9977697,332040
437,9979858,90
409,10006413,399
159,10006848,539423
471,10016871,5
245,10026498,29656
237,10030348,42428
399,10103656,604
285,10125449,12022
183,10160926,162267
51,10177562,18854117
63,10181061,14567770
420,10186786,275
40,10209148,26578611
194,10237688,104658
324,10265807,4366
15,10308855,47025992
109,10318405,4470643
188,10331147,134083
445,10363081,67
304,10363882,7631
11,10368269,58711647
16,10396534,46542937
259,10404773,24230
126,10407488,2488309
456,10416661,31
223,10458494,48772
270,10498849,18482
249,10508177,27702
87,10514103,7096798
464,10516819,13
383,10579887,1163
309,10580834,6301
12,10586680,54982404
374,10621950,1377
289,10627241,10738
375,10644867,1347
392,10658077,789
75,10675040,9142175
234,10676513,44048
152,10689189,768491
225,10735961,47172
199,10742302,86777
447,10768074,56
111,10777281,4229675
360,10807416,2059
208,10823358,70552
282,10827122,12893
391,10836054,791
448,10866507,47
342,10894401,3018
112,10963972,4218377
115,10986878,3683354
283,10998291,12884
150,11008265,818238
121,11021690,3252384
254,11036562,26194
216,11047263,60246
220,11062763,52553
25,11088831,37802115
406,11091514,450
156,11092647,618735
246,11093157,29312
463,11119418,13
473,11121928,4
30,11129135,35677064
266,11154353,20586
449,11156736,45
459,11168411,22
47,11172404,21635585
389,11173388,849
323,11176275,4386
70,11181341,10602285
176,11181835,236130
169,11191996,315391
94,11195011,5850082
264,11195909,20723
261,11199302,22037
252,11203348,26788
108,11205352,4489969
129,11211227,2401091
133,11212222,2006808
46,11213225,23196582
297,11217090,8783
32,11225233,31913387
357,11231657,2209
359,11260031,2072
317,11265120,4714
187,11267485,138907
5,11268401,88987972
20,11270843,44035430
423,11278858,209
35,11291357,27649000
24,11291361,38795695
186,11295245,147247
422,11297966,248
196,11300567,95425
27,11311447,36617480
257,11312783,24448
17,11323081,46230886
100,11325829,5127812
161,11331072,469159
95,11331387,5635629
242,11331408,33777
431,11336348,128
454,11341866,36
42,11345870,24520158
7,11345880,65776306
267,11355676,19596
113,11362156,3944561
65,11364300,13564891
141,11365227,1365011
192,11368171,112767
149,11374864,865668
38,11375929,27419757
305,11377256,7547
138,11380846,1408778
441,11381957,79
452,11381976,40
139,11381996,1406708
230,11382104,44951
451,11382199,40
316,11382202,4804
10,11382525,60578736
163,11382656,433179
298,11382866,8557
439,11383301,80
335,11383869,3410
347,11386823,2713
436,11387295,93
402,11388156,564
185,11390345,152305
236,11392673,43191
273,11395166,16613
440,11396080,80
181,11398399,166739
301,11399884,8128
272,11400101,17450
294,11401765,9583
39,11406423,26643195
212,11407231,66417
173,11407751,269769
127,11408545,2479840
233,11414445,44481
222,11429335,50880
67,11431539,11714320
262,11434215,22013
178,11434438,205206
13,11438915,52920076
336,11445756,3380
78,11447423,8716926
86,11449084,7438684
41,11449805,24852083
50,11454219,20656658
172,11455233,273817
22,11457013,42117664
56,11457094,16997056
182,11457435,162534
386,11457441,1025
136,11457479,1473438
54,11457531,17170228
99,11457554,5205289
137,11457623,1439400
467,11457670,9
457,11457850,24
338,11457941,3240
243,11458072,31714
83,11458076,8187943
48,11458581,20797849
91,11458611,6773333
57,11458635,16950790
418,11459760,297
66,11460924,13379630
28,11461431,36453078
120,11461462,3326757
190,11462445,125626
33,11462507,29900276
98,11462697,5231649
14,11462716,49638411
355,11462827,2273
81,11466175,8374482
154,11466787,694661
205,11466831,74573
401,11467586,576
370,11467949,1627
361,11470355,1998
26,11470473,37460283
367,11470630,1771
85,11470674,7594129
68,11471522,11309970
171,11472204,290763
6,11472757,75664352
84,11473615,8133282
307,11473738,7131
228,11474044,45598
278,11475608,15266
470,11475752,8
293,11475884,9755
438,11475955,90
276,11476488,15761
462,11476860,14
474,11477901,4
104,11478080,4914984
337,11479481,3282
332,11480773,3930
79,11481109,8502618
320,11481794,4640
239,11482104,36037
427,11482197,140
421,11482451,273
362,11483150,1923
341,11483522,3124
398,11484352,611
244,11485996,29670
395,11486106,665
381,11486132,1237
369,11486738,1727
260,11487627,23196
444,11487784,69
344,11489689,2903
477,11489732,4
122,11489762,3021688
372,11489783,1539
321,11489847,4631
326,11492922,4336
468,11493248,9
49,11493737,20668783
475,11493885,4
110,11495131,4293165
290,11498813,10509
45,11499239,23340559
271,11506153,17713
60,11506857,15838439
64,11510758,13685033
412,11510773,345
288,11510891,10882
227,11512291,46539
425,11512555,188
21,11513446,42740347
76,11515187,8763105
134,11516021,1951206
106,11516051,4779876
114,11517057,3913018
292,11518142,9879
458,11519127,24
62,11520119,15613251
414,11520855,320
396,11521769,648
379,11522507,1276
184,11522530,162163
59,11523906,16159788
415,11525988,313
195,11528442,103027
37,11528930,27571957
240,11530666,35470
147,11531497,995190
101,11534163,5124463
211,11535206,68947
97,11535590,5317692
238,11535784,36506
58,11536284,16847263
179,11536783,191931
77,11537417,8759911
36,11538780,27580777
140,11539591,1399972
170,11540308,301693
93,11540383,6025254
300,11541109,8217
44,11543158,23552268
277,11543386,15345
125,11543561,2555978
385,11544222,1074
404,11544449,508
373,11544521,1437
352,11544821,2358
153,11545699,700960
426,11545803,165
466,11546804,9
103,11546917,4997557
128,11547227,2436244
410,11547350,370
118,11547556,3580605
142,11547600,1327555
460,11547756,21
158,11549689,574088
155,11550183,669278
411,11550373,365
180,11550958,172924
177,11551548,220987
72,11552136,9747654
365,11552741,1877
116,11552777,3645501
145,11552803,1208971
148,11552936,984629
82,11553669,8264829
4,11554478,91025690
80,11556011,8377803
53,11556129,17256073
167,11556288,369774
241,11556371,34197
96,11556848,5630025
299,11556863,8269
88,11557195,6982461
209,11557887,70028
102,11557903,5116954
218,11557924,58189
117,11558148,3639397
250,11558769,27098
74,11559088,9247699
308,11560401,6638
124,11560557,2563288
435,11563992,107
166,11564418,371851
279,11566472,14904
164,11567911,394324
325,11570339,4350
215,11570683,63769
162,11573661,469049
345,11574042,2795
229,11575394,45489
160,11575506,488345
275,11575557,15782
465,11576585,10
201,11577464,79808
197,11578055,91226
255,11578280,25154
384,11579752,1118
343,11580006,3006
472,11583189,5
429,11583949,134
318,11584687,4700
348,11587448,2653
461,11587473,17
328,11589719,4138
388,11590545,904
214,11592122,63869
417,11592213,306
221,11593476,51950
350,11601310,2510
