417,93558,50927
101,131000,4710647
489,198577,8277
523,237729,1
263,241332,355378
397,260876,70559
144,266832,2033870
391,267865,75499
463,530168,17570
510,541223,1136
23,561464,72406387
322,568199,173280
383,677298,84499
214,728619,624773
297,794996,253150
128,955649,2754598
309,966781,219033
216,981725,612924
210,987964,649260
272,1011474,330427
364,1047404,101505
400,1090780,68188
394,1184981,71993
398,1191124,70448
328,1241525,170080
274,1326730,323024
17,1340513,86150393
403,1581217,64561
236,1593245,452677
319,1689189,176581
48,1706917,26424765
284,1783519,300862
362,1846025,105469
224,2009458,541195
366,2119345,100222
213,2258472,628412
65,2319785,13367683
133,2624751,2493168
436,2686691,33139
318,2755432,178363
67,2819640,13338754
316,2891867,189343
251,2896896,391531
26,2928456,61365787
134,3016894,2484419
496,3090165,4887
368,3118342,96554
307,3209140,222591
206,3323257,724279
186,3442394,994430
253,3456477,383622
420,3477401,48022
478,3542945,11545
499,3577074,4466
329,3610753,168547
472,3763830,14268
411,3767275,56191
426,3826500,41416
455,3826825,20890
388,3861322,77199
265,3894841,347616
220,3956610,566150
469,3987809,15250
300,4037445,249713
194,4059028,911003
312,4103061,209396
410,4153027,56733
89,4161474,6166789
24,4185834,72303422
424,4188200,42521
135,4212562,2467991
346,4213549,139652
492,4215573,5278
239,4227564,440013
345,4291569,140017
237,4323298,452212
396,4328311,70952
401,4400005,67613
471,4483134,14663
20,4560143,84683542
282,4597869,302945
459,4625704,18925
505,4646333,3244
232,4649805,476745
296,4699725,254498
444,4891214,28394
443,4943400,29156
164,7437929,1393352
222,7446855,547629
435,7587840,33489
504,7636380,3540
323,7683705,172667
477,7731521,12791
152,7756855,1681020
458,7807227,19175
137,7809591,2361784
321,7841840,174807
310,7931524,217088
456,7938947,20511
326,8104989,170977
276,8175891,312237
234,8242032,461863
99,8346072,4741796
379,8451898,86400
413,8572750,54921
96,8625762,5472753
514,8708264,672
75,8745234,9463951
449,8761508,23694
365,8823670,101118
374,8929862,90865
350,9064226,133008
58,9088320,17442279
150,9111308,1782872
46,9158573,29306752
382,9177385,85532
370,9235028,93336
208,9239362,694730
441,9247761,29509
294,9249362,259858
442,9264537,29158
219,9284626,585917
268,9319347,339297
427,9442449,40937
476,9460639,13582
418,9518859,49404
254,9528423,376251
211,9540131,645525
354,9592666,120529
118,9643866,3177628
35,9666398,37334840
361,9669713,108462
54,9670541,20653823
473,9682465,14193
264,9715852,349737
56,9726572,18483516
494,9729024,5124
448,9730076,24700
340,9739122,145608
387,9747178,78447
84,9750905,6969533
480,9755423,10816
390,9769137,75540
332,9773949,162129
445,9788930,27995
233,9815210,474854
465,9816586,17154
33,9841480,41466922
348,9846874,135949
51,9848210,25487788
488,9855604,8709
132,9866869,2517201
71,9867614,12154889
158,9889786,1562102
196,9896993,901724
15,9898925,90991978
273,9912180,323689
112,9922623,3367566
406,9937811,63447
502,9948582,4045
425,9948696,41767
438,9960123,30535
86,9977697,6599052
356,9979858,114097
331,10006413,165062
170,10006848,1283301
363,10016871,105239
373,10026498,91222
102,10030348,4501234
223,10103656,541724
375,10125449,89637
338,10159601,149409
195,10160926,904913
37,10177562,35525070
142,10181061,2215997
93,10209148,5783019
190,10237688,973309
446,10265807,27427
4,10308855,227327897
292,10318405,263497
181,10331147,1057683
258,10363081,368082
275,10363882,321466
41,10368269,32814318
19,10396534,85149989
226,10404773,527036
248,10407488,403691
409,10416661,57222
490,10452473,7465
242,10458494,418535
511,10492145,1047
154,10498849,1667574
308,10508177,222349
146,10514103,2019968
485,10516819,9657
333,10579887,159971
447,10580834,25111
27,10586680,58946329
486,10621950,8883
341,10627241,144535
191,10644867,950588
481,10658077,10785
122,10675040,3037122
171,10676513,1282830
371,10689189,92659
97,10735961,5003570
304,10742302,225909
143,10768074,2147959
80,10777281,8157449
259,10807416,367925
404,10823358,64066
337,10827122,154867
484,10866507,9963
330,10894401,166190
325,10963972,171384
136,10986878,2417046
367,10998291,96699
131,11008265,2526102
30,11021690,50401785
120,11036562,3088013
475,11047263,13584
497,11062763,4720
61,11088831,15847936
431,11091514,35189
124,11092647,2986543
197,11093157,880726
207,11119418,714937
414,11121928,53786
76,11129135,9408956
386,11154353,81716
279,11156736,305287
498,11168411,4550
28,11172404,53297160
407,11173388,62072
320,11176275,176133
91,11181341,5970216
277,11181835,307533
156,11191996,1650532
114,11195011,3298798
429,11195909,39260
305,11199302,224854
430,11203348,37560
45,11205352,29832873
121,11211227,3057343
201,11212222,767420
3,11213225,230369963
433,11217090,34253
105,11225233,4052728
126,11231657,2908781
512,11260031,1030
243,11265120,417540
166,11267485,1359971
6,11268401,161609037
1,11270843,285508543
209,11278858,691836
217,11289604,602271
47,11291357,29090618
36,11291361,36415138
161,11295245,1437253
179,11297454,1060962
416,11297966,51621
184,11300567,1022117
8,11311447,154349757
450,11312783,23498
437,11317461,31913
49,11323081,26106607
200,11325829,769089
278,11329728,305697
119,11331072,3127904
98,11331387,4947180
103,11331408,4435342
422,11341866,44881
470,11345061,15143
81,11345870,8154125
12,11345880,108418190
287,11355676,279827
50,11362156,25511928
482,11364013,10399
32,11364300,41660169
69,11365227,12952025
202,11368171,766861
228,11374864,487690
22,11375929,72769616
252,11377256,387253
82,11380846,7750183
392,11381957,73110
162,11381976,1421635
94,11381996,5664632
419,11382104,48833
271,11382199,333251
229,11382202,484787
5,11382525,168551389
106,11382656,4029844
454,11382866,21782
452,11383301,23018
255,11383869,375896
405,11384335,63677
522,11385223,1
508,11385520,1504
506,11385801,2662
288,11386823,278371
353,11387295,120941
495,11388156,4919
349,11390345,133161
247,11392673,403870
432,11395166,34852
439,11395456,30030
230,11396080,482593
289,11398399,270733
199,11399884,824061
203,11400101,748962
250,11401765,397609
43,11406423,31217433
385,11407108,83527
245,11407231,406129
192,11407751,939109
302,11408545,240048
389,11414445,76663
421,11429335,46267
517,11430151,448
138,11431539,2310976
415,11434215,52762
107,11434438,3979043
25,11438915,67847590
147,11445756,1998918
21,11447423,73398284
116,11449084,3285302
38,11449805,34845336
31,11454219,42861525
163,11455233,1411930
92,11457013,5802686
13,11457094,108106560
205,11457435,741264
180,11457441,1058558
315,11457479,194554
185,11457531,1012704
313,11457554,208053
246,11457623,405526
183,11457670,1032005
500,11457850,4329
324,11457941,171763
262,11458072,362202
149,11458076,1838837
52,11458581,23005027
238,11458611,447303
59,11458635,17151599
380,11459760,86099
18,11460924,85837510
9,11461431,140077622
256,11461462,375254
358,11462445,110120
53,11462507,22367593
280,11462697,305164
7,11462716,156212950
257,11462827,370000
117,11466175,3205078
339,11466787,147103
177,11466831,1097319
440,11467586,29997
314,11467949,197212
303,11470355,236295
16,11470473,88641820
285,11470630,290780
145,11470674,2033349
139,11471522,2284051
270,11472204,335706
14,11472757,102608743
55,11473615,19806340
159,11473738,1552860
140,11474044,2274180
215,11475608,616584
518,11475752,369
334,11475884,159213
513,11475955,897
501,11476245,4204
298,11476488,252789
507,11476860,1531
377,11477901,88505
57,11478080,17518849
227,11479481,498853
261,11480773,365452
281,11481109,304801
369,11481794,95012
299,11482104,252151
172,11482176,1242432
467,11482197,16722
176,11482451,1103689
283,11483150,302350
355,11483522,114597
393,11484352,72719
123,11485996,3003476
212,11486106,645355
173,11486132,1227304
372,11486738,92573
311,11487627,214255
174,11487784,1206782
351,11489689,132583
160,11489732,1465782
70,11489762,12304965
235,11489779,459443
153,11489783,1673980
221,11489847,561228
175,11492922,1146810
155,11493248,1659082
85,11493737,6861990
151,11493885,1682452
260,11495131,366563
462,11498813,18094
11,11499239,117695849
376,11506153,88886
29,11506857,53163417
44,11510758,31016773
317,11510773,186863
127,11510891,2878905
423,11512291,42707
352,11512555,128219
39,11513446,34777042
189,11515187,978622
125,11516021,2959300
77,11516051,9054964
286,11517057,285200
327,11518142,170353
487,11519127,8745
479,11519668,10889
2,11520119,231979511
474,11520855,13816
402,11521769,66605
428,11522507,39762
269,11522530,337607
62,11523906,15446945
291,11525988,266168
169,11528442,1284963
87,11528930,6566351
290,11528979,268257
378,11530666,87998
113,11531497,3335428
74,11534163,10882476
483,11535206,10320
78,11535590,8737419
360,11535784,109945
10,11536284,127295446
293,11536783,261203
63,11537417,13753570
64,11538780,13617657
167,11539591,1353257
104,11540308,4423845
79,11540383,8683844
244,11541109,415860
72,11543158,11619710
165,11543386,1381146
115,11543561,3285513
347,11544222,136399
457,11544449,19442
157,11544521,1636405
461,11544821,18573
231,11545699,477726
408,11545803,59669
182,11546804,1041914
204,11546917,745461
100,11547227,4736112
384,11547350,84285
83,11547556,7359918
90,11547600,6058215
521,11547756,1
188,11549689,986047
129,11550183,2674225
218,11550373,601949
130,11550958,2650356
109,11551548,3720847
34,11552136,37964297
451,11552741,23130
141,11552777,2256866
249,11552803,400591
266,11552936,344752
60,11553669,16970380
40,11554478,33885011
198,11556011,848419
42,11556129,31419309
95,11556288,5617240
306,11556371,224526
88,11556848,6350110
267,11556863,344079
73,11557195,11563364
168,11557887,1296440
66,11557903,13351176
359,11557924,110092
68,11558148,12956109
240,11558769,421080
187,11559088,993365
412,11560401,55026
110,11560557,3500682
301,11563992,246477
342,11564418,143121
503,11566472,3778
399,11567911,69779
395,11570339,71387
193,11570683,926563
468,11572407,15733
148,11573661,1966350
453,11574042,22714
225,11575394,527673
434,11575506,34125
336,11575557,158275
519,11576585,209
108,11577464,3747027
343,11578055,143112
178,11578280,1075479
357,11579752,110212
466,11580006,16768
335,11583189,158288
464,11583949,17360
241,11584687,420472
381,11587448,85653
516,11587473,489
491,11589311,6768
520,11589719,30
295,11590545,258569
524,11592066,1
111,11592122,3438962
460,11592213,18874
344,11593476,140407
493,11599494,5165
515,11601310,661
509,11601632,1314
