93558,Oscarius,0,1,181,404
131000,aurelian74,0,1,4015,194
198577,orsamannen,1740,1,762,296
237729,crockophile,0,1,33,449
241332,Peterale,2300,1,2322,225
260876,daedra45,356,66,628147,97
266832,Shadows+of+the+Dying+Sun,145,527,5247037,28
267865,KingArthursGame,1991,1,396,341
530168,Haday,902,1,368,349
541223,norative,2765,1,5837,175
561464,Slacker,145,1647,17158663,1
568199,joehor,2183,44,405475,103
677298,Gelimar,1740,1,242,383
728619,windancer,0,1,73,439
794996,chelsea+shed,88,1,8734,159
955649,busamad,3451,1,3908,198
966781,Amnesia+bs,1873,1,512,324
981725,hunto,0,1,3854,201
987964,Predsjednik,88,1,1101,273
1011474,teamsaint,3436,7,38508,127
1047404,cocodelish,138,1,2981,215
1090780,glossytop,1991,1,953,280
1184981,MrTodd37,427,108,1066387,82
1191124,boomerknight,0,0,0,467
1241525,kraggo,2765,1,4925,188
1326730,Sir+Thiomas,1740,1,402,340
1340513,I-AM-GROOT,341,801,8409527,6
1581217,Randalthor78,2765,1,245,381
1593245,mummybear,3172,1,4002,196
1689189,ARBEMAKA,902,1,311,371
1706917,jjavnj,1492,1,1152,270
1783519,Rurik+I,0,1,278,374
1846025,Joe+2,0,1,184,403
2009458,ksenorpig,0,1,101,432
2119345,cristian-fernando,2339,1,1085,275
2258472,mcon415,0,1,26,451
2319785,cyries,145,231,2166995,62
2624751,billadi66,491,1,2268,227
2686691,peau,2765,1,442,331
2755432,santaslilgrl,427,1,1395,259
2819640,georgerose,0,0,0,468
2891867,tonka10154,3236,1,208,395
2896896,Krater8,819,1,209,394
2928456,LordAkanata,150,103,1036693,84
3016894,hellsjester,3248,1,6821,170
3090165,jlarry,2183,0,0,469
3118342,Cokeman84,3278,1,944,283
3209140,old+timer+51,902,1,5247,181
3323257,CaptainG,1660,2,6671,172
3442394,WildManOfBorneo,3369,1,3497,206
3456477,cafrat,3302,0,0,470
3477401,Varda94,0,1,2232,229
3542945,Greg+Stephens,2991,1,817,290
3577074,Bossman06,88,1,364,351
3610753,valtheran88,3329,1,193,399
3763830,mirkonije,610,1,230,386
3767275,chadders2865,463,0,0,471
3826500,bramley3,3454,1,388,343
3826825,Papa+Spider,3192,1,1825,244
3861322,bloatedcherub,448,0,0,472
3894841,cappy1,0,0,0,473
3956610,Sir+Romit,138,1,4751,190
3987809,ohadm,1941,1,1901,241
4037445,mlinder,1740,1,5642,177
4059028,Vakim,0,1,1068,276
4103061,antonthemeff,0,1,1911,240
4153027,choice66,3310,0,0,474
4161474,Dora+the+Explorer,145,728,7581269,9
4185834,D+O+G,150,282,2864638,50
4188200,Gouvi,427,40,367881,105
4212562,SteveP,1888,1,3901,200
4213549,lykorz,1941,0,0,475
4215573,RONNY+HO,0,0,0,476
4227564,rron7pam,70,1,707,301
4291569,bullfrogs,0,1,572,317
4323298,GLADIATOR,0,1,3039,213
4328311,Lucieffer,0,1,2353,223
4400005,pauldum,1941,1,1294,264
4483134,lamigra,88,1,134,423
4560143,Daddy+Ashen,341,1273,13139954,2
4597869,YOKOZUNA,0,1,218,391
4625704,Koallar,0,1,1314,262
4646333,The+Dyslexic+Knight,0,1,157,415
4649805,beetonboy,0,0,0,477
4699725,Sire+Rick,1740,1,1745,247
4891214,jfrans,88,1,555,319
4943400,DonNorman,530,1,658,305
7437929,ciaran1,2572,1,149,418
7446855,i909090,3030,2,12380,145
7587840,lordjer61,1740,1,754,297
7636380,Vala+Mal+Doran,0,1,649,306
7683705,habe41,1991,1,322,368
7731521,Geoff+Knott,0,1,255,378
7756855,jupp,2590,1,26,452
7807227,Lady+Gemini,88,1,450,330
7809591,VICTOR+S2,902,0,0,478
7841840,cdobbs63,352,1,773,293
7931524,leicestershire,0,0,0,479
7938947,Lady+Madelina,88,1,435,332
8104989,crazedtwinkie,1991,1,360,353
8175891,BELI-GROM,0,1,146,420
8242032,Richardthesix,88,1,2348,224
8346072,ArthurDent33,3447,1,452,329
8451898,dumbbeatnix,0,0,0,480
8572750,litkafilip,417,2,5100,183
8625762,OldeSoldier,341,387,3794627,39
8708264,bond722002,3456,1,327,366
8745234,FluffyButDangerous,341,447,4481516,36
8761508,capolux,15,1,163,414
8823670,Catlani,2183,1,589,314
8929862,trymeout,0,0,0,481
9064226,Count+Edwin,0,1,825,289
9088320,war-peace,145,523,5154335,29
9111308,jaguar66,2765,1,283,373
9158573,benlechasseur1,316,245,2512667,56
9177385,Active+But+Lazy+Gamer,2765,2,15301,142
9235028,vFqZe,3453,3,24566,133
9239362,SNAFUII,3310,1,351,356
9247761,HERCULES1966,5,1,76,437
9249362,Celtic+Queen+Xxx,0,1,644,307
9264537,pcsfari,765,1,62,442
9284626,Playmate,47,1,641,308
9319347,Truthfulruse,1991,1,403,339
9442449,Sir+Cork,2142,1,2149,231
9460639,xxx07,1316,0,0,482
9518859,stelup,1991,1,314,370
9528423,filterkorn,138,1,2025,235
9540131,kiwi2011,70,1,845,287
9592666,CrohamHurst,3231,1,615,311
9643866,ellene+01,887,1,1102,272
9666398,Vordingborg.dk,0,0,0,483
9669713,waring+king,902,1,1154,269
9670541,Dream%2A,145,688,7457520,11
9682465,nitehawktribe,1941,0,0,484
9715852,ReleasedNow,902,0,0,485
9726572,henrik5,0,5,38174,128
9729024,umer+is+back,2765,1,3984,197
9730076,Warheat,0,0,0,486
9739122,padot75,1740,1,597,313
9747178,Zortan,1941,1,3580,203
9750905,NiCkOoLaZzZz,341,461,4608088,34
9755423,RICH57,5,1,204,397
9769137,jandcfer,1847,1,539,320
9773949,King+Simi,1991,1,368,350
9788930,puraaaal,739,10,74613,118
9815210,untitledhero,88,1,7595,163
9816586,Martyn+De+Buggurrbuc,2183,1,1308,263
9841480,thomcameback,341,596,5966051,20
9846874,soraansem,0,1,96,433
9848210,Faraways,341,276,2537884,55
9855604,Lord+Protector,0,1,56,443
9866869,Brad+The+Brave,2342,0,0,487
9867614,Hakuna+MyTata,341,577,5717449,24
9889786,Joe+Hooper,1889,1,4939,186
9896993,The+Brutal+Eye,0,0,0,488
9898925,Stunz,341,590,5902337,22
9912180,HeavyHorse,138,1,2617,217
9922623,IceMint,341,360,3707340,42
9937811,legendofdark,3230,1,151,417
9948582,NeoStorm,2240,1,172,410
9948696,RicktheBlade12,3162,1,347,360
9960123,Florian+Geyer,1888,1,778,292
9977697,apujanata,1117,1,2580,219
9979858,pepk,0,1,2617,218
10006413,Tegelen,138,1,576,316
10006848,Knightbellgo,0,1,6988,167
10016871,lord+leka,2240,1,225,388
10026498,Lord+iolani4,2267,1,26,453
10030348,kwester,2683,1,987,279
10103656,kelrick,2683,1,678,304
10125449,boogs1,2587,2,8985,156
10159601,cacalolo,2860,1,357,354
10160926,VibluX,0,1,307,372
10177562,Unlimited+Supplies,0,0,0,489
10181061,Tinglo,356,409,3756143,41
10186786,Lord+shawhunter,3394,1,2295,226
10209148,ENEX.,341,409,4264935,38
10237688,marcantonio2001,2765,0,0,490
10265807,lordpegasus,902,1,142,421
10308855,Arne+x+Lucie,341,359,3779724,40
10318405,otis54,0,0,0,491
10331147,PzIV,68,0,0,492
10363081,re+robertum,902,1,116,426
10363882,Bugoy,88,1,951,281
10368269,Kate+2,341,702,7002145,13
10396534,Cortana.,341,640,6572417,16
10404773,Tartarus,2924,1,1012,278
10407488,Stryktipset,356,65,633206,96
10416661,theappleflavoredcanary,0,1,79,436
10452473,PinkLisa,34,1,230,387
10458494,Angelusnoir,1873,0,0,493
10492145,-Crusader-,3440,1,1789,245
10498849,buddy9494,1740,1,2537,220
10508177,Carl+vdw,2587,1,1391,260
10514103,Darth+Phydeaux,427,155,1163165,79
10516819,general+saber,5,1,349,359
10579887,G-Rex,448,1,531,321
10580834,bjhnsn220,902,1,337,362
10586680,wizard7913,145,645,6749067,14
10621950,drakelius,88,1,769,294
10627241,SlackerJ,448,1,6936,168
10644867,Zephur,3380,1,4939,187
10658077,sampurna,0,1,854,286
10675040,luzer11,150,233,2338429,59
10676513,BillyBobTheGreat,3278,1,1195,268
10689189,ntina11,1710,3,17240,140
10735961,done,3443,1,172,411
10742302,wranx,0,1,26,454
10768074,jumbee+the+crate,3432,1,639,309
10777281,Lord+King+Spartacus,316,120,1147168,80
10807416,Nikolaj+Gregorov+13,811,0,0,494
10823358,Marko+Kraljevic,0,1,2041,234
10827122,JustDoIT,3281,1,817,291
10836054,filipas+1,1941,1,7262,165
10866507,ALKAMIST,88,1,174,408
10894401,coolnessguy,3278,1,1282,265
10963972,Enepling,356,72,721128,92
10986878,Elin,192,154,1551002,70
10998291,moon777,3112,1,501,325
11008265,Frivack,0,1,26,455
11021690,Dr.+R,0,0,0,495
11036562,Timjam,902,1,5495,179
11047263,Shortfuse,1991,4,14849,143
11062763,Haasoor,1740,1,1657,250
11088831,Jot+Mang+Game,341,546,5652233,25
11091514,sharkmen,902,0,0,496
11092647,Whatsapp,0,1,26,456
11093157,Talambuke,2483,1,8968,157
11119418,Devil+Bat,3253,1,2087,233
11121928,petryx,138,1,1933,239
11129135,WelcomeToTheFreakshow,145,358,3638256,43
11154353,tempelis,0,1,222,389
11156736,Bendis,3223,1,6798,171
11168411,dukeman,0,1,332,365
11172404,Seven+Devils,0,1,50,444
11173388,Kanki,114,1,763,295
11176275,PTennTracy,3300,0,0,497
11181341,Tiganul,0,5,53457,122
11181835,fang2,1991,1,723,300
11191996,snpn,367,1,26,457
11195011,ocb-slims,316,24,158827,109
11195909,John69Cee,1970,1,166,412
11199302,rycka1,0,1,408,336
11203348,%2APain+In+Da+Axe%2A,3281,1,3212,210
11205352,Irrelephant,1941,1,4568,191
11211227,parkgang1,192,4,38948,123
11212222,shjeong326,192,84,839664,90
11213225,Say+Hi,177,573,6561855,17
11217090,Jonhil,2930,1,245,382
11225233,Trouble+Maker,341,587,5968841,19
11231657,siavesh,294,1,177,406
11260031,ivan-hristova,1847,1,235,384
11265120,FragUK,3303,1,4921,189
11267485,Abraham,3267,0,0,498
11268401,BobOnFire,145,809,9268780,3
11270843,%2ABoo%2A,145,254,2998202,48
11278858,kevp,1991,1,1404,258
11289604,Ojsan,893,1,1740,248
11291357,Yoshisaur,145,498,5108215,30
11291361,I+For+Win,341,466,4662707,33
11295245,kur3,2784,1,276,376
11297454,megahitSRT8,525,1,872,285
11297966,John25,1991,1,88,434
11300567,metsamees,0,0,0,499
11311447,%3DNewHope%3D,0,0,0,500
11312783,Duke+of+Illyria,0,0,0,501
11317461,Fritzi2,1638,1,149,419
11323081,Bagadzilla7,341,641,7008135,12
11325829,Hryyt+erd,316,30,283003,107
11329728,RIP+U+1,525,1,376,345
11331072,chrome1992,2587,4,13941,144
11331387,Hytech,177,115,1212954,78
11331408,miccro,68,2,8937,158
11336348,-RazorsEdge-,1991,1,946,282
11341866,ragoon9,0,1,166,413
11345061,Aries78,0,1,133,424
11345870,General+Panda,145,167,1743800,67
11345880,Glanne,145,536,5756692,23
11355676,Gelgisith,1991,2,9250,154
11362156,netper67,316,1,9788,149
11364013,Old44,1941,1,126,425
11364300,DKJunior,316,330,3298383,46
11365227,lille+slem,3452,1,3186,212
11368171,Judas13,1941,1,318,369
11374864,Vianca,192,98,936466,86
11375929,bilen,145,126,1296140,76
11377256,bill34,0,1,187,401
11380846,CsihiPuhi,0,1,26,458
11381957,boki007,3239,1,460,328
11381976,rudomir1,0,1,218,392
11381996,Seki007,427,0,0,502
11382104,seocenko,3346,1,725,299
11382199,mihax,2762,1,1570,253
11382202,robis,2762,1,406,337
11382525,Ragestyles,145,789,8547645,5
11382656,papa+strumpf,0,1,1488,256
11382866,kadilec,0,1,110,429
11383301,DR.ago,0,1,393,342
11383869,supaidi97,2765,2,16007,141
11384335,Irena78,2339,0,0,503
11385223,slinkoq,0,1,26,459
11385520,jens567,138,1,1255,266
11385801,Damir-TZ,514,1,48,448
11386823,JasamTu,1991,1,221,390
11387295,stalker2,1941,1,692,303
11388156,buhteljcek,5,0,0,504
11390345,cotr,47,1,639,310
11392673,-TAI-,3281,1,9583,151
11395166,wedel,1847,1,3361,208
11395456,AndreicuInima,9,0,0,505
11396080,ksykor,0,1,3475,207
11398399,Lord+winston25,1941,4,29898,132
11399884,marnob,902,1,3331,209
11400101,Lady+Lost,0,1,369,348
11401765,cokomoko,2358,1,9755,150
11406423,frex2015,150,502,4700764,32
11407108,davilnight,367,1,910,284
11407231,IAMRay,367,1,26,460
11407751,kingforRing,2576,0,0,506
11408545,POLYMATH+ABE,427,0,0,507
11414445,noyyoonit,1991,1,1851,242
11429335,Porewit,2940,1,26,461
11430151,vojko,0,1,235,385
11431539,Kaargh,150,301,2987022,49
11434215,NewStart,0,1,26,462
11434438,SplinterShadow,983,2,19160,137
11438915,MezzoXpresso,341,698,7487187,10
11445756,DarknessArt,3046,0,0,508
11447423,Mr.White,177,67,678190,94
11449084,ptomi,177,144,1474932,72
11449805,marci21,3457,3,32652,129
11454219,Tzuyu,145,170,1759025,66
11455233,PendekarLama,1941,3,23443,134
11457013,Byggare+Jonas,145,610,6409972,18
11457094,vacux,0,2,19822,136
11457435,ume71,2587,1,3502,205
11457441,ViiGoo,3366,0,0,509
11457479,jolle,356,0,0,510
11457531,nero89,356,237,2274913,60
11457554,Luppehx,356,94,929480,87
11457623,vossler,356,76,669091,95
11457670,super+mario2,0,1,704,302
11457850,Soto,0,1,495,326
11457941,bino,138,1,3194,211
11458072,Solan,0,1,1100,274
11458076,Tottas,356,105,1037708,83
11458581,Lite+User,341,540,5449573,27
11458611,Beethooven,356,276,2704849,52
11458635,Sir+Hero,145,177,1727964,68
11459760,lenne,0,1,1375,261
11460924,Barcsa,0,8,98441,114
11461431,Wmwinters,3457,35,387688,104
11461462,Mr+Power,356,55,535481,100
11462445,nalle+puh8,356,96,907969,88
11462507,mrsporting,145,168,1645113,69
11462697,gugget,356,88,900856,89
11462716,David10333,145,568,5920784,21
11462827,Hebzie,3443,1,741,298
11466175,Lord+De+Camp,356,99,976299,85
11466787,arkano83,1710,4,30732,131
11466831,Rickard800,2261,1,1941,238
11467586,varg+veum,2183,1,201,398
11467949,Henkepenke73,3156,1,2015,237
11470355,deivydas,1991,1,2427,222
11470473,Unreliable+Greek+Players,150,747,7666295,8
11470630,valley,2345,1,2141,232
11470674,ovassol,192,142,1417016,74
11471522,DeDu,356,256,2639866,53
11472204,glazos,1710,4,22990,135
11472757,CommanderDuterte,150,836,9118806,4
11473615,JoeExotic,3377,1,75,438
11473738,Nanuma,1660,1,4011,195
11474044,Kung-peter,3289,1,2645,216
11475608,yucelo,0,1,106,430
11475752,SoulMurders,3101,1,30,450
11475884,Thommo11,1991,1,1787,246
11475955,pfdkpnd,819,1,86,435
11476245,Edvard+Knyge+Kramf,2765,1,142,422
11476488,Sjaak+Trekhaaak,88,1,1492,255
11476860,Darknight.1970,3450,1,173,409
11477901,KOBRA,0,1,26,463
11478080,BennyBullDeg,419,4,47427,124
11479481,jedsplinter51,902,1,2511,221
11480773,joakim41,2590,1,3525,204
11481109,Bad+one,150,171,1785498,65
11481794,framg%C3%A5ng,3368,1,603,312
11482104,borilci,2144,1,375,346
11482176,izyy,2552,1,181,405
11482197,BABABU,0,1,5267,180
11482451,Nj0fra,2843,1,1641,251
11483150,Loard,1991,1,2211,230
11483522,kingkaew,679,1,364,352
11484352,Ronibald,3187,1,1485,257
11485996,xicer,902,1,350,357
11486106,fisken22,2637,1,1546,254
11486132,tonton,272,1,115,428
11486738,lyrsta,104,1,186,402
11487627,ericlin,575,1,4128,193
11487784,Loke,0,1,2021,236
11489689,DONOVAN,2076,1,334,364
11489732,Lastoco,27,1,5586,178
11489762,PriNas,0,1,26,464
11489779,Getafuen,27,1,5025,185
11489783,acr100,27,1,7183,166
11489847,raulplona,27,1,9473,153
11492922,manulhr,117,1,255,379
11493248,Geralt+de+Rivia,27,1,5892,174
11493737,The+Revanchist,177,255,2784655,51
11493885,negrek,27,1,7773,162
11495131,wervin,356,63,622566,98
11498813,ckzmfkdlem,192,1,2999,214
11499239,Pretty+Rave+Girl,150,496,4783165,31
11506153,mskrabaster1,2691,1,1198,267
11506857,N1trox,177,1,50,445
11510758,Bilen2.0,145,233,2407700,57
11510773,oreg,17,1,50,446
11510891,mokus70,177,17,119058,113
11512291,stevo89,3310,1,519,323
11512555,kiruban,1740,1,375,347
11513446,barnaborsosz,145,609,6670445,15
11515187,mita40,0,0,0,511
11516021,EvilReaper11,1740,1,6545,173
11516051,Almond,192,187,1524080,71
11517057,XDragonkimX,427,12,126945,111
11518142,Theangrylime,2765,1,423,333
11519127,David55,0,0,0,512
11519668,akxrah,167,1,192,400
11520119,Tia+Dalma,177,369,4310062,37
11520855,psohlavci,819,1,354,355
11521769,Alisay17,0,1,278,375
11522507,krillin,1991,1,1592,252
11522530,Loto,2183,1,5767,176
11523906,Mephala,177,11,119422,112
11525988,NickeF1,0,1,2254,228
11528442,Darth+Novi,2587,9,98137,115
11528930,Tenoch,145,337,3414145,45
11528979,Huraaaa,3070,1,380,344
11530666,NCIS,3236,2,11176,147
11531497,amarao,0,0,0,513
11534163,Klister,316,73,765974,91
11535206,Vestreboss,0,0,0,514
11535590,ggusoo,192,133,1359610,75
11535784,EmberAmarie,3310,1,175,407
11536284,Reidarm,341,360,3519195,44
11536783,tigerellie,2009,15,134051,110
11537417,Bonfire+101,1710,4,39016,125
11538780,Arny,177,515,5450700,26
11539591,World+of+Warships,192,42,420919,102
11540308,eimantas111,2765,3,18550,138
11540383,Peter0318,316,173,1917726,63
11541109,Xearthas,0,1,10372,148
11543158,Sigismund325,341,462,4592860,35
11543386,nongwa,0,0,0,515
11543561,extreamjo,192,43,440094,101
11544222,Hrolv,1991,1,421,334
11544449,jz25,2844,1,50,447
11544521,oLive,1375,1,416,335
11544821,sist,3445,1,208,396
11545699,WhiteK,192,28,233887,108
11545803,MasterJT,543,1,345,361
11546804,Yorfh,214,1,26,465
11546917,Stasho,316,1,9494,152
11547227,dokdo,192,113,1133366,81
11547350,Fishyslo,0,1,325,367
11547556,denes07.,177,124,1243338,77
11547600,Pacific,3138,6,59041,121
11547756,sesko,138,1,6835,169
11549689,Dado2,1492,0,0,516
11550183,silverwizard1,0,1,116,427
11550373,iang3566,1991,1,3749,202
11550958,Ganja,3284,0,0,517
11551548,kmjetms,2587,1,9221,155
11552136,ruab,316,148,1436212,73
11552741,TannoI,1941,1,152,416
11552777,pikan,192,60,610198,99
11552803,jagdsirrus,192,75,727743,93
11552936,rewoy,192,29,310372,106
11553669,Robb+Stark%2A,0,0,0,518
11554478,Basand,341,764,8019380,7
11556011,Dnanb,356,253,2619543,54
11556129,Fress,316,331,3282884,47
11556288,Ransyd,2683,0,0,519
11556371,Kribb,0,1,478,327
11556848,HanUl,192,231,2359236,58
11556863,Hellhammer,0,1,350,358
11557195,technic123,192,3,31610,130
11557887,Lord+Armstrong,3248,2,4248,192
11557903,crazydaveonly,316,189,1800532,64
11557924,Bowale,3278,1,1137,271
11558148,LimaWarriors,1492,1,5146,182
11558769,shastar17,1740,1,3905,199
11559088,duuudmann,150,223,2175513,61
11560401,MattJ987,88,1,73,440
11560557,ViliQayt,0,11,89252,117
11563992,Since+1926,2661,1,828,288
11564418,semperty,3386,10,93947,116
11566472,LordOfSolupa,138,1,1662,249
11567911,Blend,427,0,0,520
11570339,teo51,902,1,217,393
11570683,jetiikad,3293,0,0,521
11572407,Cedinza,448,1,1841,243
11573661,jakester2,0,0,0,522
11574042,unkatus,448,0,0,523
11575394,graham8124,1991,2,11887,146
11575506,mnwt,427,8,60291,120
11575557,Hilmar,0,0,0,524
11576585,kart80,2991,1,252,380
11577464,Cybot,3420,4,38848,126
11578055,milosh,0,0,0,525
11578280,djomlex,1740,1,63,441
11579752,BNorway,1991,1,1039,277
11580006,ReguLate,0,1,105,431
11583189,GRBAVICA,902,1,524,322
11583949,Buzimljan,2991,1,585,315
11584687,Evenywg,3389,0,0,526
11587448,Zoltron22,3278,1,7885,161
11587473,Jazon,88,1,404,338
11589311,kingtal1123,0,0,0,527
11589719,neilbrynt,3278,1,566,318
11590545,Packman1980,0,1,26,466
11592066,deanith,294,1,258,377
11592122,Jellyfishands,2765,1,7268,164
11592213,FirstAvenger,2765,1,5081,184
11593476,Zederikus,177,9,63871,119
11599494,yuyu,0,1,336,363
11601310,Frisgensee,3434,5,17441,139
11601632,Mikey530,902,1,8440,160
