65,5,74736
94,15,18039
12,17,22232753
91,27,22289
21,47,2746375
20,68,2925973
33,70,988567
48,88,297135
60,104,123106
120,114,853
95,117,15472
50,138,280759
2,145,903752169
4,150,389889575
74,167,54171
3,177,435078785
7,192,104856444
51,214,277118
118,272,1237
85,294,33485
6,316,106632966
1,341,1080490809
109,352,4203
5,356,112217758
36,367,539973
54,417,173170
8,419,92436991
10,427,62201378
52,448,230179
90,463,22664
14,491,15187721
49,525,290722
89,530,23887
130,543,165
71,575,62145
125,610,507
78,679,47347
13,739,16329389
116,765,2039
104,811,5366
122,819,725
108,887,4513
45,902,322677
22,983,2620902
15,1117,11621200
66,1316,72796
19,1375,3490552
9,1492,91573263
61,1638,122526
18,1660,3521852
25,1710,1753915
43,1740,344284
41,1847,416844
17,1873,5461134
55,1888,170641
83,1889,35339
29,1941,1113478
92,1970,20723
44,1991,338079
11,2009,25489245
63,2076,103963
59,2142,143183
30,2144,1105957
24,2183,1828973
76,2240,51224
68,2261,67927
28,2267,1145961
35,2300,776326
87,2339,29848
46,2342,321722
37,2345,525216
34,2358,944547
73,2483,57200
99,2552,10206
115,2572,2054
23,2576,2366610
16,2587,8748706
26,2590,1742311
123,2637,665
53,2661,197110
32,2683,1011616
75,2691,51566
105,2762,5333
38,2765,509277
58,2784,147247
93,2843,19451
127,2844,445
31,2860,1015517
88,2924,24230
101,2930,8783
69,2940,64604
72,2991,60577
111,3030,3171
112,3046,2620
96,3112,12884
110,3138,3245
119,3156,1062
106,3162,5207
121,3172,783
84,3187,34966
129,3192,175
132,3223,45
67,3230,70110
114,3231,2255
62,3236,113820
131,3239,79
82,3248,42670
137,3253,13
39,3267,496828
47,3278,308482
56,3281,158452
81,3284,42737
102,3289,5566
70,3293,63769
124,3300,588
97,3302,12743
100,3303,10132
40,3310,472789
79,3329,46660
80,3346,44936
117,3366,1637
86,3368,31268
98,3369,11011
27,3377,1668240
135,3380,30
42,3386,371829
107,3389,4700
128,3394,275
77,3420,50613
138,3432,4
113,3434,2510
64,3436,78793
126,3447,500
136,3451,23
133,3452,40
57,3453,151010
134,3454,35
103,3457,5507
