80,5,1068953
133,9,30030
106,15,242087
19,17,13262694
24,27,11169374
140,34,7465
27,47,8468579
20,68,13187435
30,70,6937113
51,88,3132962
58,104,2333775
120,114,96331
56,117,2380116
42,138,3707756
1,145,1537250568
4,150,722740474
98,167,345968
2,177,1329473787
7,192,157438285
69,214,1365230
74,272,1227304
47,294,3336330
5,316,266203078
3,341,1085496580
110,352,174807
17,356,16754841
34,367,4869352
67,417,1437749
6,419,165287732
12,427,37242880
60,448,2240747
95,463,422780
9,491,60813169
141,514,2662
52,525,3117517
126,530,44452
124,543,60275
76,575,1206747
138,610,14268
54,679,2744712
14,739,25269850
125,765,52027
88,811,605384
101,819,310949
50,887,3177628
87,893,607503
28,902,7643985
18,983,15134467
10,1117,40641754
94,1316,489958
21,1375,11918553
8,1492,110861378
46,1638,3357211
16,1660,19556237
89,1710,574390
23,1740,11214103
35,1847,4791789
36,1873,4462982
39,1888,4212444
61,1889,2227579
33,1941,5457052
130,1970,38017
40,1991,4113689
26,2009,10465751
107,2076,215151
97,2142,415558
53,2144,2756000
29,2183,6986484
84,2240,742147
75,2261,1210793
31,2267,6713727
25,2300,10591690
113,2339,147757
49,2342,3225795
59,2345,2245614
78,2358,1117146
64,2483,1742704
71,2552,1280569
70,2572,1307872
22,2576,11424490
11,2587,40013261
45,2590,3524927
86,2637,645355
66,2661,1548411
15,2683,20014222
93,2691,492796
81,2762,819723
41,2765,3738522
68,2784,1437249
62,2843,1960148
136,2844,19631
32,2860,6016813
92,2924,524833
131,2930,34253
118,2940,98016
77,2991,1184349
91,3030,526312
65,3046,1679747
105,3070,255266
145,3101,184
119,3112,96699
57,3138,2358248
116,3156,132972
127,3162,41767
79,3172,1084567
102,3187,310252
135,3192,20890
103,3223,305287
48,3230,3307750
117,3231,120529
90,3236,570929
123,3239,71904
82,3248,780499
85,3253,714937
63,3267,1791509
72,3278,1273244
38,3281,4237851
43,3284,3611867
83,3289,779583
73,3293,1235627
109,3300,200168
128,3302,39758
104,3303,280777
55,3310,2547239
111,3329,168547
132,3346,32032
37,3366,4313211
134,3368,26418
99,3369,329690
13,3377,35516777
108,3380,208914
114,3386,143121
96,3389,420410
44,3420,3546726
115,3432,138221
143,3434,661
100,3436,328460
142,3440,1047
112,3443,164143
137,3445,18573
139,3447,11316
122,3452,88170
129,3453,39020
144,3456,325
121,3457,95107
