80,5,1143689
134,9,30030
107,15,260126
17,17,35495447
27,27,11191663
140,34,7465
26,47,11214954
21,68,16113408
31,70,7925680
49,88,3430097
58,104,2456881
122,114,97184
59,117,2395588
43,138,3988515
1,145,2441002737
4,150,1112630049
100,167,400139
3,177,1764552572
6,192,262294729
69,214,1642348
79,272,1228541
52,294,3369815
5,316,372836044
2,341,2165987389
113,352,179010
9,356,128972599
35,367,5409325
70,417,1610919
7,419,257724723
10,427,99444258
57,448,2470926
97,463,445444
11,491,76000890
142,514,2662
50,525,3408239
126,530,68339
127,543,60440
77,575,1268892
138,610,14775
55,679,2792059
14,739,41599239
130,765,54066
89,811,610750
104,819,311674
53,887,3182141
90,893,607503
30,902,7966662
20,983,17755369
12,1117,52262954
91,1316,562754
22,1375,15409105
8,1492,202434641
48,1638,3479737
18,1660,23078089
61,1710,2328305
24,1740,11558387
37,1847,5208633
28,1873,9924116
40,1888,4383085
63,1889,2262918
34,1941,6570530
128,1970,58740
38,1991,4451768
16,2009,35954996
103,2076,319114
92,2142,558741
44,2144,3861957
29,2183,8815457
84,2240,793371
76,2261,1278720
32,2267,7859688
25,2300,11368016
114,2339,177605
47,2342,3547517
56,2345,2770830
64,2358,2061693
66,2483,1799904
75,2552,1290775
73,2572,1309926
23,2576,13791100
13,2587,48761967
36,2590,5267238
88,2637,646020
67,2661,1745521
19,2683,21025838
94,2691,544362
82,2762,825056
42,2765,4247799
71,2784,1584496
65,2843,1979599
136,2844,20076
33,2860,7032330
93,2924,549063
133,2930,43036
116,2940,162620
78,2991,1244926
95,3030,529483
68,3046,1682367
108,3070,255266
146,3101,184
120,3112,109583
60,3138,2361493
118,3156,134034
132,3162,46974
81,3172,1085350
101,3187,345218
135,3192,21065
105,3223,305332
51,3230,3377860
119,3231,122784
87,3236,684749
125,3239,71983
83,3248,823169
86,3253,714950
62,3267,2288337
72,3278,1581726
39,3281,4396303
45,3284,3654604
85,3289,785149
74,3293,1299396
111,3300,200756
131,3302,52501
106,3303,290909
54,3310,3020028
109,3329,215207
124,3346,76968
41,3366,4314848
129,3368,57686
102,3369,340701
15,3377,37185017
110,3380,208944
96,3386,514950
98,3389,425110
145,3394,275
46,3420,3597339
117,3432,138225
141,3434,3171
99,3436,407253
143,3440,1047
115,3443,164143
137,3445,18573
139,3447,11816
148,3451,23
123,3452,88210
112,3453,190030
147,3454,35
144,3456,325
121,3457,100614
