1395,24949,21657
1097,69313,47405
1005,70886,60497
1818,72991,5800
1485,74046,16669
2095,74746,1454
636,76535,175248
867,87485,90677
1774,91013,6947
1643,103021,10823
1025,110622,57706
209,131000,956247
1079,167140,49407
252,172156,750069
887,173683,85370
1813,198577,5922
1163,218809,40138
660,221076,167685
974,236991,66781
1475,241332,17096
1340,250592,25087
1165,260876,39972
528,262425,230489
1524,267865,14789
2063,268872,1766
1238,279833,32897
1530,280498,14631
1543,295183,14121
1090,302610,48710
1717,307775,8329
427,309425,339699
826,317653,98575
2358,322742,44
706,332069,148453
1839,350372,5491
2142,356754,1168
601,404736,190609
2179,410642,853
872,422386,88094
2310,445112,170
19,450223,5981074
1469,472125,17402
1322,480271,25939
551,524468,214403
1337,530168,25124
73,530183,3054936
986,531357,64892
2098,541223,1436
2339,559747,78
1024,560786,57871
1614,568199,11586
1385,570362,22073
1444,578878,18569
4,584532,10046404
567,587399,208165
508,590952,250611
948,599352,72688
36,622676,4783133
1989,634372,2823
1315,672149,26434
1775,677298,6930
466,693297,290068
1880,693992,4675
497,735845,262817
1563,736490,13293
1080,738909,49335
262,824913,682443
1890,838821,4455
2147,848612,1140
322,966781,517632
1342,982025,24879
1973,985801,3164
1596,987964,12347
440,1011474,328171
1876,1041221,4732
1272,1047404,30345
1001,1053865,60836
1733,1075262,7958
134,1139841,1706931
1704,1160101,8916
1613,1191124,11588
1339,1241525,25090
1472,1266205,17217
143,1271696,1538478
1658,1307800,10478
1037,1338392,55877
1624,1421877,11255
321,1423290,517753
769,1427030,123054
506,1443996,252213
1834,1448920,5590
1579,1468706,12761
1958,1475172,3336
1139,1484256,42315
2308,1529820,177
17,1543676,6093437
157,1552813,1375196
2102,1581217,1427
1064,1593245,50708
1113,1602195,45590
2185,1616601,820
1513,1689189,15522
150,1704209,1453354
1670,1707285,10139
593,1766316,193974
2060,1767836,1796
1326,1776976,25647
1375,1783519,22769
2054,1804063,1889
1994,1846025,2749
1757,1853684,7436
90,1883794,2598498
470,1892977,287094
1741,1902556,7734
2346,1907978,65
2219,1935054,572
376,1958829,415393
615,2010976,184295
1666,2022011,10191
1380,2024771,22448
572,2066545,205664
1369,2095389,23221
99,2099403,2358363
88,2101409,2608022
30,2103159,5382702
1110,2103446,45840
1785,2119345,6643
2154,2143368,1070
621,2183276,181283
85,2205177,2674510
1120,2252656,44814
296,2312922,582385
1860,2327672,5058
525,2340579,234204
93,2355594,2497760
257,2378785,721012
2220,2413228,566
80,2492175,2867141
1567,2492628,13213
2252,2529286,357
319,2573942,526472
2194,2624715,733
240,2624751,790821
1151,2628162,41004
413,2629845,354984
145,2641078,1530598
1580,2689275,12745
1107,2690692,46106
883,2741955,86218
1788,2762474,6493
1923,2764142,3863
2334,2774316,90
2412,2815710,4
928,2834599,76410
755,2859033,128156
1049,2861935,53627
686,2894315,157338
548,2896896,215917
2123,2900891,1280
1431,2928875,19216
1623,2948330,11260
1428,2951071,19304
547,2969476,216491
236,3016894,810029
387,3081606,395575
2199,3084923,714
2029,3090165,2187
1616,3118342,11485
1294,3123107,27832
10,3164027,7592101
1618,3167251,11422
2022,3175892,2279
62,3221969,3661232
877,3247726,87486
1280,3296113,29315
2389,3323257,14
35,3349541,4792784
882,3367007,86329
1109,3369505,45873
1849,3374204,5351
383,3386896,402869
596,3388150,192907
273,3409134,646900
1111,3416130,45779
708,3442394,147869
1947,3456477,3519
1499,3475391,16302
1654,3477401,10554
710,3518434,146741
1791,3536735,6375
1695,3542945,9128
2249,3546174,376
1146,3565238,41568
2111,3577074,1366
161,3583969,1342195
183,3610753,1082767
389,3613704,391457
886,3614177,85636
919,3615265,77602
1425,3621009,19603
661,3692690,167372
545,3710938,218301
915,3721015,79029
1044,3758216,54949
1908,3767275,4127
1352,3783278,24133
806,3810618,107799
1446,3826500,18509
1755,3826825,7473
2218,3845369,573
443,3854432,325985
970,3894841,67696
1812,3895313,5933
2384,3904944,16
175,3911533,1189815
149,3919296,1458847
2375,3922235,29
216,3956610,908760
356,3967087,452547
1737,3975832,7827
325,4010372,515049
1208,4028460,36111
1509,4037445,15895
1081,4052524,49333
701,4059907,150293
25,4060868,5692347
691,4074706,154903
471,4076156,285625
957,4103061,70802
2082,4136278,1569
1207,4160578,36211
121,4170312,1985203
2129,4184131,1244
1925,4196259,3846
2118,4202832,1320
1353,4208879,24120
1493,4212562,16460
1508,4213549,16068
1904,4215573,4218
1806,4227564,6062
2234,4243260,482
1181,4265390,38712
1980,4271520,3037
1066,4286134,50490
185,4287646,1068454
1501,4290798,16234
1490,4291569,16503
44,4323298,4351612
1112,4367334,45601
112,4392415,2138206
2428,4403580,1
2107,4426809,1400
652,4440693,169409
224,4448793,880953
1015,4463989,59281
188,4474621,1057332
932,4483134,75411
1900,4483907,4290
362,4489076,440542
1255,4520016,31530
1568,4522417,13212
2366,4523624,36
463,4547149,300392
1258,4552852,31312
581,4560143,200373
1471,4596450,17278
197,4597869,1017373
2243,4598954,440
1134,4604968,42778
1180,4605137,38741
1632,4610537,11108
1887,4618360,4490
16,4623070,6094310
1234,4625704,33249
2140,4646333,1177
1418,4649805,20045
2178,4671523,857
783,4694879,117441
1368,4699725,23329
1359,4702944,23931
84,4706285,2686017
1035,4728981,56421
2410,4735412,4
434,4751825,335300
287,4751874,601208
776,4765038,121658
370,4774537,433735
1261,4784936,30949
665,4796670,166684
1960,4801670,3328
1087,4866977,48883
187,4878886,1064151
1201,4887363,36953
2055,4891214,1877
1053,4904468,52987
695,4918335,154045
967,4937722,68879
1884,4943400,4594
1938,7437929,3639
2270,7452283,280
614,7495543,184308
1793,7502654,6323
1277,7569179,29827
1268,7571335,30530
1076,7587840,49747
1006,7597615,60469
2052,7626998,1922
1420,7632057,19778
772,7658784,122392
1689,7664376,9326
1602,7683705,12104
1931,7688946,3773
763,7693333,125318
2080,7694915,1580
432,7697139,337079
136,7701393,1698493
1495,7709640,16456
70,7725772,3087344
634,7729742,178290
2110,7731521,1376
2159,7732576,1052
2069,7732928,1674
364,7740726,439426
64,7744308,3433121
107,7756855,2201322
96,7765546,2414153
120,7784423,2073318
308,7794602,555649
1962,7807227,3283
1492,7844270,16468
60,7845625,3738412
373,7853246,417275
1406,7858104,20916
607,7859372,187712
820,7898920,100727
2420,7904288,2
1167,7911630,39790
1655,7923552,10545
1856,7931524,5186
378,7933151,414335
1549,7938947,13961
840,7944113,95966
2041,7950502,2032
987,7958223,64864
1052,7964049,53093
2072,7977495,1652
895,8008687,83482
2003,8031669,2623
1946,8050182,3521
171,8061098,1229182
388,8068898,392513
1573,8104989,13087
739,8129844,134014
1190,8156048,37565
503,8170414,258060
1205,8175891,36312
239,8226535,794717
2411,8235085,4
918,8242032,78777
2262,8246150,332
332,8346072,500418
520,8348797,238513
1251,8351032,31939
579,8384357,201408
838,8420366,96167
835,8423392,96351
203,8426613,968920
1253,8434557,31690
1061,8437577,51597
1975,8451898,3104
2078,8470698,1581
910,8493574,79826
250,8494499,754564
61,8499484,3700674
898,8503116,82195
837,8511500,96293
1479,8514881,16961
721,8572750,139884
1197,8591220,37329
578,8610810,202025
472,8614914,283865
2,8625053,18210648
1967,8643678,3249
584,8652911,199266
2376,8663824,28
533,8724920,227376
406,8728227,361753
1871,8737096,4798
253,8748766,740923
1832,8761508,5591
671,8807265,163971
1295,8811596,27727
2096,8834537,1451
91,8872898,2571641
5,8886444,9864444
2076,8920047,1591
933,8924501,75176
1301,8942820,27481
1467,8954302,17542
280,8960795,614830
764,8966722,124843
631,8999706,179443
2421,9006076,2
158,9022303,1352559
1633,9024545,11078
1237,9024993,32915
844,9046259,94727
2174,9049602,921
33,9050914,4943597
1349,9054138,24377
1630,9064226,11153
1878,9069751,4715
1318,9071094,26325
451,9074586,319693
1894,9079039,4378
2351,9082711,50
314,9083860,531891
1872,9088320,4780
778,9111308,120508
1520,9117998,14947
346,9132843,475680
1669,9158573,10149
733,9175557,136078
1150,9177385,41309
2162,9179630,1023
682,9201137,158668
2084,9209406,1552
2401,9216534,10
1665,9218047,10211
74,9228583,3043206
2048,9235028,1952
1404,9235606,20968
1845,9239362,5408
1992,9239900,2773
1963,9247761,3277
1223,9249362,34380
21,9256418,5961924
311,9257244,541512
1814,9259144,5888
2307,9264537,178
465,9281817,291699
2044,9284626,2013
221,9285448,889991
1334,9287359,25231
556,9291703,213390
1118,9319347,44866
808,9343197,106827
1130,9350347,43202
1333,9363759,25306
920,9374966,77539
49,9378928,4251613
1575,9395007,13027
303,9395496,565837
812,9399388,105019
538,9399859,222589
971,9411244,67072
1662,9416482,10284
190,9417097,1046342
1828,9429700,5686
1762,9438259,7281
1423,9442449,19631
2328,9456331,92
377,9459691,415344
2265,9460684,303
1532,9480753,14538
132,9481253,1805372
618,9493975,183058
1220,9494870,34633
1332,9496553,25389
1612,9498770,11606
723,9504623,139473
2117,9510968,1322
2305,9516297,179
2028,9518859,2204
114,9519855,2120314
1056,9524292,52401
1439,9527107,18690
1930,9531648,3784
563,9534287,210511
148,9535255,1483353
1023,9536782,58000
1644,9540131,10811
28,9541931,5499400
2093,9549215,1458
870,9549219,88259
1007,9549341,60097
2021,9570325,2289
2280,9586394,256
1517,9592666,15199
1137,9615122,42467
1055,9617347,52530
87,9618373,2624231
1776,9627794,6893
859,9638234,92115
1881,9651327,4663
2415,9651729,2
274,9653593,644265
312,9654427,539303
289,9656817,599718
650,9663073,170252
2359,9665111,42
164,9666398,1292831
285,9669713,604665
501,9680770,260169
1809,9682465,6020
344,9686498,483874
646,9692357,172089
51,9693542,4169135
1928,9696773,3813
675,9701948,161609
34,9702087,4834211
1522,9703312,14863
2264,9706573,318
1728,9715377,8158
1145,9715852,41605
1047,9722298,54191
923,9722313,76986
1242,9723308,32487
1865,9725990,4949
912,9726572,79655
83,9727669,2739296
523,9728514,235277
1858,9730076,5150
1913,9736646,4055
215,9738438,915326
1264,9739122,30626
1450,9746606,18170
1529,9747178,14638
168,9749870,1249626
191,9752583,1044871
9,9754276,7749948
1916,9755423,4029
1869,9755467,4920
2424,9757086,1
925,9757309,76783
1977,9759264,3056
492,9759917,265659
214,9762636,921946
1909,9764492,4115
1236,9769137,32988
2296,9772647,206
1599,9773949,12179
1143,9775625,41867
1566,9778158,13220
1381,9779589,22281
1882,9782602,4641
95,9793371,2432815
1496,9793791,16428
899,9793949,82166
653,9795293,169305
2031,9795423,2173
173,9805916,1221478
1377,9809443,22704
50,9811720,4174019
337,9812061,492073
1460,9816545,17899
2151,9816586,1117
1855,9817877,5200
1582,9819033,12725
86,9821246,2628789
568,9822692,206389
1,9824743,23339531
408,9825471,359405
814,9826695,104001
1801,9829584,6127
1212,9836415,35632
2397,9836651,12
2217,9836909,586
1398,9837364,21389
1927,9842326,3817
1440,9846073,18688
1638,9850399,10893
460,9855111,305430
2077,9855604,1588
396,9856832,377849
1153,9857136,40862
52,9857153,4162409
293,9863028,588560
679,9866869,159852
1170,9867834,39599
123,9872471,1915045
943,9892686,73856
2398,9900978,12
241,9905888,787115
368,9907450,434634
160,9907526,1347075
818,9916353,100879
496,9927865,263702
1767,9928760,7125
1820,9932496,5779
1002,9932769,60777
1421,9934518,19693
1862,9937811,4987
1673,9943357,9964
15,9945152,6301481
1789,9946792,6468
1749,9948582,7586
1194,9948696,37386
1879,9954918,4692
1764,9960123,7198
1703,9970636,8940
847,9971387,94509
1447,9971927,18271
641,9972395,174173
1571,9977697,13125
1373,9979288,22990
1445,9979858,18551
787,9980464,115449
1629,9980904,11176
1092,9981214,48300
2207,9983610,640
1724,9984094,8199
2371,9991275,32
888,9999203,85219
97,10004754,2395213
700,10006413,150833
645,10006848,172122
1652,10013820,10670
881,10015820,86344
278,10016824,620980
1811,10016871,5988
674,10022424,162066
135,10022434,1700931
2175,10024480,912
163,10025620,1296224
335,10030348,496704
1503,10033324,16182
177,10034060,1162220
13,10044793,6620482
1441,10049468,18685
930,10055570,75960
1454,10058992,18048
678,10062609,160594
959,10064149,70360
836,10071221,96333
2399,10076749,12
2037,10078112,2072
358,10080689,450658
1719,10088588,8307
2354,10095756,45
598,10096481,192188
1161,10101460,40346
488,10103656,268772
1191,10105370,37547
251,10105921,752470
1296,10115392,27710
14,10117247,6578409
1769,10118289,7079
992,10122429,62741
1452,10125449,18155
1547,10136329,14055
2232,10144642,489
1438,10146526,18778
632,10153655,178967
46,10155570,4326943
105,10156877,2221444
2196,10157337,729
1721,10159601,8299
1382,10160085,22178
1600,10166307,12175
258,10170847,720178
2291,10171689,227
1511,10175727,15745
724,10179687,139418
1407,10183842,20880
609,10184180,186313
2014,10185065,2395
2228,10186786,528
219,10188822,903910
2314,10190315,163
54,10194357,4050127
152,10223484,1439536
1726,10223699,8185
106,10235365,2217837
1266,10237688,30587
2136,10239126,1193
1603,10256288,12096
753,10257312,129757
2139,10265807,1181
754,10271596,128692
2283,10279622,253
226,10284554,870561
2130,10284836,1236
1086,10285895,48912
731,10288348,137128
916,10288973,78872
1019,10300814,58736
202,10308663,971311
298,10308855,577954
255,10314871,732981
2408,10315653,5
728,10327092,138225
2309,10328330,177
369,10330976,434144
745,10331147,132419
658,10339643,167758
417,10345581,351334
531,10345680,229091
1309,10363882,27082
1841,10370714,5468
248,10372291,760943
1681,10404773,9714
1063,10411916,50996
623,10413297,180999
1430,10413554,19289
1593,10416661,12455
223,10425053,881991
1384,10427048,22122
737,10432991,134879
697,10434247,152602
560,10442746,211534
400,10449559,373022
2150,10452473,1122
1609,10453800,11837
2166,10454394,998
1470,10458494,17395
1504,10466843,16176
1667,10471994,10188
1687,10474956,9417
2023,10475722,2277
349,10479710,461422
1227,10481783,33863
2324,10492145,102
2236,10498849,465
1941,10503195,3597
576,10508058,203799
597,10508177,192421
793,10514103,113541
2085,10516819,1531
1683,10523234,9663
489,10527075,267904
395,10558553,379812
151,10560963,1442773
1821,10572533,5739
1042,10577924,55175
1538,10579887,14258
124,10588557,1904694
2274,10589564,270
6,10593665,9125067
1576,10595476,12995
627,10596056,179907
1713,10599670,8502
199,10599981,990418
1288,10605812,28531
1903,10610027,4222
1708,10621950,8671
777,10625580,120969
1138,10627241,42328
2230,10629576,510
714,10639056,143347
2153,10642994,1110
774,10644867,121950
2064,10647336,1762
200,10648397,977632
291,10654945,591037
1773,10658077,6992
1817,10669541,5817
2007,10672399,2541
1396,10676513,21638
1997,10678541,2720
2204,10686092,661
2019,10689460,2301
1837,10690393,5561
543,10701310,220092
2221,10713552,553
2255,10723671,343
2317,10727316,156
2197,10735289,723
156,10735961,1390783
1106,10746676,46110
530,10748337,229186
705,10752464,148464
1957,10756063,3359
896,10766406,83249
1094,10768074,48081
125,10780030,1894806
1225,10781869,34190
1129,10793521,43266
757,10799693,127483
1128,10807416,43346
2067,10812416,1707
144,10816677,1533762
1761,10823358,7295
620,10827033,181622
813,10827122,104722
341,10827927,485737
673,10828947,162343
1476,10832188,17074
347,10834368,474960
1257,10839640,31439
1185,10852530,38455
40,10857192,4599837
1646,10866507,10762
751,10878557,130568
58,10878628,3869765
111,10879701,2141394
2256,10885782,341
1481,10889191,16879
374,10891965,416907
1271,10892715,30404
342,10922522,485546
1032,10930154,56504
117,10931110,2086477
1969,10933786,3230
789,10936722,114358
2425,10944027,1
2112,10950898,1352
1226,10952538,34133
1273,10967029,30290
338,10971993,491551
1650,10972989,10715
1187,10974614,37818
1768,10977709,7080
945,10987357,73485
229,10995258,843288
687,10996554,156737
208,11001646,957500
113,11007773,2132649
586,11013293,197337
67,11015252,3155121
2198,11016469,722
2312,11017584,164
1854,11024396,5202
2148,11027940,1136
72,11031013,3077023
2171,11033911,969
1943,11036879,3570
651,11037161,170224
606,11044048,187855
1483,11048056,16794
1792,11048328,6371
1736,11049082,7845
146,11049600,1509250
2229,11052741,528
284,11053953,607702
1075,11055813,49755
1506,11067376,16107
2108,11069917,1387
2158,11075738,1057
1944,11079554,3554
2043,11079927,2019
785,11081905,116950
475,11089117,280273
1983,11091514,2968
1059,11093157,52115
709,11111389,147194
2113,11114489,1350
963,11114674,69610
1826,11119147,5692
518,11119418,241042
1996,11121928,2729
39,11123488,4621046
98,11125816,2370460
1597,11129033,12320
1515,11129135,15262
622,11136898,181213
2379,11137279,27
55,11142409,3990184
1952,11142546,3414
1991,11154353,2789
1356,11154821,24019
591,11156337,195024
1742,11156736,7723
402,11158797,369662
1402,11165325,21164
891,11166958,83817
2035,11168411,2101
2227,11168576,531
1979,11173388,3040
903,11173525,81335
775,11177514,121697
1269,11179076,30496
2120,11181212,1309
256,11181835,726298
2164,11190358,1001
2286,11191996,236
937,11194357,74851
1008,11198873,59923
1929,11201155,3802
1949,11202401,3481
1436,11202770,18823
2299,11203298,204
727,11203348,138510
955,11207522,71168
130,11208061,1820620
2015,11210440,2359
693,11213712,154465
2170,11217090,975
2181,11218411,850
811,11219365,105790
1846,11222170,5389
2215,11223765,603
856,11225915,92918
244,11234824,778769
875,11235109,87924
1095,11235753,47990
81,11235765,2758432
1219,11239209,34736
926,11241365,76751
102,11244468,2254098
885,11245031,85727
2333,11245065,90
765,11245157,124728
1096,11245940,47805
166,11248730,1271108
456,11249921,316752
2281,11250122,255
1915,11251150,4030
804,11253437,108144
1697,11256005,9089
2253,11256217,350
703,11256290,149162
483,11257617,272308
92,11258869,2510216
1089,11261818,48766
137,11262315,1692839
318,11262342,526784
2315,11263030,163
11,11264344,6819296
453,11265120,318729
1132,11267484,43098
2377,11271843,28
976,11273727,66075
2349,11275707,54
2263,11276118,326
23,11276765,5755622
526,11278858,232313
2363,11279182,38
2297,11279806,204
1639,11279908,10889
2025,11284257,2236
281,11287785,611629
894,11287875,83554
626,11289604,180270
1310,11291153,27032
1647,11291243,10740
343,11291502,485005
1964,11291922,3276
204,11292912,967272
1710,11295140,8575
929,11295245,76301
779,11297454,119678
1147,11297966,41490
869,11300049,88295
1572,11301229,13091
2426,11301495,1
2284,11304640,251
1270,11308181,30470
2407,11309079,6
993,11310706,62293
196,11311283,1022278
464,11313797,294523
1327,11316156,25639
748,11317267,131821
1688,11317461,9398
1620,11319233,11398
1045,11320640,54732
2083,11327632,1563
394,11327688,381372
2018,11327731,2320
2059,11327990,1800
1409,11328432,20641
558,11328982,212221
1224,11329728,34213
104,11329925,2226514
1155,11330092,40727
27,11330880,5558848
1714,11332326,8385
261,11332608,701830
172,11333080,1226129
866,11334922,90774
225,11336298,877551
2206,11336348,644
2320,11337018,143
1478,11337880,16963
2131,11339439,1235
2275,11339973,268
613,11340252,184530
2017,11340315,2333
315,11340394,528746
864,11340438,91380
1833,11341866,5590
851,11342963,93301
2318,11345061,156
1706,11345108,8720
268,11345440,670398
2254,11345664,345
1626,11346101,11219
498,11346722,261052
2119,11346948,1310
89,11347309,2602935
331,11349228,503337
8,11349647,8049761
1142,11350208,42205
1374,11350540,22876
592,11352765,194851
1317,11356175,26347
604,11357935,188489
747,11359067,132331
131,11361099,1809993
365,11361466,436904
1364,11361839,23680
913,11361860,79644
2203,11362242,664
1215,11362816,35207
41,11363242,4589204
2138,11363340,1189
1950,11364013,3434
1160,11364216,40356
1559,11366242,13379
1605,11368465,11999
1552,11369099,13760
807,11371577,107432
612,11372349,184535
1976,11373143,3089
796,11373501,112996
1017,11375052,58823
1214,11375133,35310
600,11376482,190911
1218,11377047,34782
2156,11377256,1062
608,11378690,186533
2132,11379483,1220
1392,11379864,21871
154,11380846,1410849
799,11381136,110406
147,11381205,1506161
1183,11381254,38605
212,11381544,936455
94,11381902,2447174
305,11381913,563175
2155,11381925,1066
1502,11381976,16221
1698,11381978,9066
1702,11382019,8999
509,11382034,247610
2133,11382044,1218
2409,11382074,4
1926,11382104,3836
2097,11382159,1441
227,11382165,864463
2373,11382201,30
2146,11382209,1146
1209,11382235,36104
2214,11382345,614
1379,11382491,22480
1072,11382564,50043
949,11382656,72329
1562,11382676,13302
2259,11382771,337
940,11382772,74208
502,11382832,258606
1759,11382866,7387
810,11382967,105862
1166,11382978,39853
2246,11383301,428
536,11385223,224723
2058,11385520,1804
2160,11385801,1044
2001,11386174,2704
580,11386359,200837
1152,11386823,40883
1178,11386852,38803
2323,11387768,127
141,11388060,1628047
1959,11388156,3332
1649,11388229,10715
1528,11388723,14659
575,11389514,204652
1240,11390345,32829
1062,11392577,51399
265,11392673,679459
447,11392794,322850
880,11393462,86718
1935,11395166,3677
2157,11395456,1060
2195,11395552,729
1519,11396080,15023
2193,11396732,738
1488,11397656,16543
702,11398399,149757
345,11399884,476199
1347,11400101,24610
514,11400374,243851
1442,11400585,18595
574,11401036,205039
2182,11401104,845
529,11401257,230483
1003,11401704,60745
1070,11401765,50126
1986,11402429,2908
1843,11402534,5439
410,11403039,358392
1883,11406423,4640
386,11406499,399448
1971,11406701,3214
499,11406891,260620
1701,11406897,9022
908,11406943,80558
1415,11406946,20287
1693,11406992,9225
1899,11407231,4304
1516,11407450,15211
100,11407471,2284539
2325,11407717,98
1850,11408297,5291
1274,11408610,30109
1246,11409561,32217
989,11412252,64076
495,11412579,263835
1974,11413982,3142
1745,11414445,7656
544,11415644,219488
2010,11416196,2468
2074,11417097,1621
234,11417919,819870
423,11418149,344133
1578,11418451,12830
590,11422826,195315
791,11423926,113828
1798,11424186,6194
2066,11427122,1730
53,11428054,4102639
2065,11428222,1757
2342,11428312,73
527,11429303,231786
1546,11429335,14073
1312,11429640,26918
2186,11430151,806
1383,11431206,22163
1041,11431898,55444
629,11432212,179603
384,11432672,402058
677,11434215,160807
1028,11434294,57361
516,11434460,242211
1176,11434739,38930
1494,11435756,16459
128,11436304,1837352
1553,11436476,13732
2240,11436854,444
1429,11438480,19296
1276,11438689,29896
1592,11439645,12458
794,11440038,113341
1486,11440190,16610
897,11440705,82305
2273,11441354,274
716,11442303,142458
1115,11443176,45314
663,11444181,166805
178,11444819,1153033
2250,11445177,361
1016,11445493,58899
2213,11445613,617
469,11445756,287942
1365,11446239,23629
2190,11446460,765
246,11446962,764957
1863,11447293,4975
421,11447455,345666
2285,11447792,250
1468,11448058,17432
101,11448396,2255166
519,11448573,241002
2279,11448827,260
444,11448918,325154
2337,11449084,84
892,11450354,83617
3,11450756,15753634
1300,11450838,27491
2212,11451302,621
186,11451374,1067933
1668,11451737,10174
2322,11451772,138
642,11451823,174073
893,11452427,83563
290,11454219,592469
843,11454448,95151
1455,11454725,18034
1810,11455007,5995
1936,11455334,3672
403,11456075,366702
26,11456762,5661209
7,11456965,9055716
233,11457467,827228
350,11457481,460923
1802,11457524,6119
2327,11457530,94
18,11457531,6056907
611,11457584,184948
1123,11457623,44397
180,11457627,1149210
1247,11457651,32213
109,11457653,2180981
1906,11457669,4137
1615,11457755,11560
2187,11457850,781
2423,11457876,2
277,11457926,634914
1542,11457941,14154
1518,11458072,15042
1873,11458079,4757
907,11458220,80855
1744,11458222,7701
459,11458236,309509
854,11458312,93048
352,11458360,457916
425,11458373,342919
1676,11458869,9884
445,11458939,323720
1747,11459072,7619
473,11459365,283669
1914,11459760,4033
954,11459883,71843
1753,11459959,7484
841,11460459,95674
2075,11460639,1602
56,11460926,3983348
978,11460953,65876
1162,11461417,40249
809,11461431,106521
1604,11461845,12094
1104,11462294,46428
1067,11462372,50423
181,11462437,1134930
1690,11462520,9275
37,11462595,4706298
2039,11462618,2044
1694,11462671,9214
1372,11462697,22997
1922,11462827,3877
1920,11462986,3918
2330,11462988,92
1657,11463184,10508
1306,11463624,27215
842,11463662,95204
657,11464104,167934
900,11465178,81666
968,11465517,68802
780,11465522,118810
1664,11465711,10219
1182,11466012,38617
1370,11466721,23115
1367,11466831,23346
865,11466835,91160
1465,11467586,17560
1114,11467915,45531
952,11467949,71970
2238,11467998,445
1831,11468218,5627
830,11468423,97378
1221,11469386,34555
327,11469703,511258
323,11470502,516804
1709,11470630,8621
2209,11471465,632
1783,11471959,6683
554,11472276,213724
2122,11472334,1289
1985,11473615,2937
1953,11473653,3413
71,11473945,3083312
442,11474044,326279
210,11474666,944701
490,11475150,267189
1125,11475453,43740
310,11475486,547139
1297,11475608,27646
561,11475746,211435
953,11475894,71885
1357,11476128,24009
707,11476488,147920
1434,11477300,18886
2247,11477455,413
1217,11477901,34855
1405,11478139,20919
2109,11478452,1385
637,11479198,174959
491,11479363,266384
1853,11479384,5210
1057,11479406,52396
2101,11480034,1430
595,11480242,193731
385,11480530,400810
1458,11480590,17926
1065,11480773,50533
116,11480775,2094529
1825,11481109,5696
1343,11481794,24863
1699,11482080,9063
1362,11482082,23710
1653,11482104,10562
2087,11482122,1502
288,11482176,600814
1765,11482197,7196
1968,11482406,3245
996,11482451,61746
263,11482513,680577
1200,11482521,37071
2223,11482648,546
1700,11482751,9023
450,11482858,322112
2105,11482945,1422
1540,11483097,14173
439,11483378,330612
1746,11483522,7646
831,11483589,97087
2404,11484128,8
1451,11484364,18157
326,11484442,511290
1149,11484748,41325
313,11484837,538732
438,11484838,331536
339,11484955,491135
1510,11485150,15891
816,11485411,102146
573,11485575,205172
1124,11485584,44213
1241,11485676,32581
2168,11485996,985
419,11486132,348807
1852,11486738,5247
1060,11486742,51803
1250,11487393,32016
1636,11487405,10978
1800,11487482,6166
1635,11487627,11018
2402,11487698,9
2141,11487784,1177
351,11488215,459095
1590,11489259,12536
1505,11489380,16149
1108,11489468,46009
2051,11489677,1925
1338,11489689,25092
2032,11489701,2172
1548,11489702,14055
1328,11489715,25610
1275,11489716,30036
692,11489732,154516
983,11489735,65274
1933,11489754,3712
259,11489762,711713
1525,11489783,14782
1771,11489784,7028
1918,11489805,3937
1550,11490013,13834
2341,11490201,77
1210,11490685,36100
1999,11490830,2710
2024,11491656,2240
78,11491843,2928459
139,11491976,1680709
1945,11492247,3542
788,11492559,115206
1988,11492602,2848
1376,11492683,22714
1780,11492706,6769
535,11492748,224909
662,11492922,166886
1198,11493057,37310
946,11493248,73041
1448,11493450,18231
2002,11493824,2662
722,11493885,139718
2427,11494162,1
2380,11494228,24
863,11494711,91450
2049,11494985,1945
129,11495131,1827437
2392,11495226,13
1829,11495674,5667
201,11496463,977211
2011,11497547,2452
515,11498003,242824
430,11498014,338496
2053,11500642,1912
828,11500927,98154
2114,11501109,1341
1645,11501255,10774
2430,11501504,1
524,11502163,234681
398,11503086,373608
179,11503260,1150728
1022,11503375,58090
1564,11503966,13280
1179,11504043,38773
725,11504509,139190
2382,11504673,18
441,11505569,327967
1323,11506153,25916
1521,11506329,14919
1990,11506383,2818
1760,11508052,7337
2050,11508615,1932
654,11510101,169144
2245,11510123,431
1539,11510710,14249
435,11510891,333730
348,11511116,473540
206,11512291,959825
1739,11512907,7792
426,11512990,342330
1278,11513446,29666
1083,11513813,49303
1641,11513858,10857
1363,11514070,23690
2152,11514504,1111
103,11514624,2250640
1877,11515897,4730
1870,11516193,4892
1282,11517797,29089
1978,11517971,3054
1659,11518142,10386
458,11518205,311099
380,11518282,408908
1912,11518998,4072
1148,11519073,41460
1487,11519127,16578
2042,11519668,2024
2251,11520119,357
605,11520408,188470
1457,11520517,17982
1126,11520529,43608
1692,11520662,9234
2134,11520855,1202
659,11521321,167734
1778,11522507,6850
1886,11522530,4497
931,11522830,75779
306,11523474,558275
758,11524051,126917
2336,11524392,86
1098,11524768,47347
1732,11525054,7967
2271,11525104,280
1940,11525269,3631
1842,11525579,5457
2177,11526954,874
330,11527470,508264
782,11527583,117625
1386,11528469,21954
1627,11528482,11207
1021,11528584,58125
1911,11528979,4084
648,11529940,171154
685,11529945,157411
1598,11530161,12269
1523,11530722,14828
316,11531037,528621
205,11531081,962220
839,11531283,96154
1203,11532200,36731
990,11532441,63982
1388,11534163,21944
1537,11534528,14317
1848,11534798,5374
142,11534880,1601474
2200,11535206,707
1682,11535695,9697
853,11535784,93074
461,11536783,305171
1228,11536813,33793
382,11537103,406604
1866,11537664,4944
1489,11538780,16504
738,11539154,134630
972,11539270,66930
494,11539564,264689
1199,11540057,37306
75,11540091,2969825
366,11540192,435302
170,11540201,1245229
1680,11540346,9738
2268,11540994,288
59,11541393,3835843
476,11541854,276420
664,11541945,166766
2386,11542820,15
909,11543386,80098
1857,11544222,5179
115,11544449,2095130
2237,11544821,450
1027,11545365,57598
1628,11545803,11177
902,11546443,81589
2210,11546878,632
42,11547498,4571187
184,11547600,1079471
2225,11547756,534
1998,11547807,2719
666,11548196,166306
379,11548217,410769
1970,11549408,3227
1360,11549635,23911
1786,11550183,6619
1782,11550625,6721
559,11551116,212175
1020,11551548,58726
2033,11551551,2160
570,11551707,206144
1763,11551762,7224
192,11552136,1040817
354,11552349,453651
749,11552476,131356
1536,11552630,14378
127,11552654,1844821
1770,11553039,7076
1720,11553041,8306
1013,11554814,59387
628,11555025,179862
355,11555069,452931
429,11555653,339002
418,11555908,351261
359,11555999,444873
1754,11556119,7484
1889,11556123,4462
254,11556288,734484
245,11556496,773148
683,11556770,158073
2027,11556887,2209
449,11556943,322311
981,11557083,65540
1722,11557293,8282
1399,11557310,21370
569,11557320,206163
564,11557742,210371
500,11557774,260328
2235,11557924,467
638,11557940,174878
821,11558171,99945
481,11558172,273892
1462,11558174,17715
904,11558175,81275
392,11558907,388172
48,11559237,4260608
412,11559439,356311
1891,11559780,4445
997,11560088,61389
1101,11560245,47073
167,11560394,1267058
2061,11560448,1775
1144,11560556,41671
275,11560604,638296
1397,11560641,21489
1611,11560873,11643
38,11561144,4671266
32,11561270,5227921
1324,11561567,25913
1942,11562033,3572
934,11562341,75071
1557,11562573,13430
235,11562751,816720
735,11562759,135495
792,11562791,113818
1766,11562993,7182
617,11563297,183184
2163,11563379,1015
307,11563423,557529
1734,11563457,7957
1651,11563477,10677
2183,11563820,838
66,11563951,3271742
2388,11563992,14
1696,11564072,9113
1355,11564532,24041
222,11564558,884926
45,11564682,4339072
1169,11564724,39657
1088,11564788,48881
681,11564971,158923
873,11564997,88017
2121,11565077,1292
238,11565197,799047
1561,11565244,13323
884,11565306,85981
1861,11565557,4998
2241,11565677,444
484,11565768,271971
1675,11566051,9902
122,11566343,1975450
24,11566345,5697337
1464,11566472,17599
924,11566546,76828
1729,11566571,8053
428,11567120,339104
2173,11567474,932
504,11567696,257727
302,11567759,566138
76,11568269,2951663
1526,11568289,14740
602,11568306,189831
2009,11568547,2469
282,11568691,611370
22,11568849,5770523
2387,11568874,14
2088,11568934,1483
1527,11569029,14720
1822,11569288,5729
2287,11569497,236
2092,11569640,1458
1874,11569649,4757
1345,11569675,24733
726,11569801,139151
479,11569915,275570
1586,11570339,12638
694,11570683,154356
108,11571058,2201184
890,11571192,84455
1453,11571201,18059
522,11571206,235805
797,11571712,112735
1674,11572230,9923
2239,11572314,445
1100,11572407,47082
1084,11572429,49183
294,11572829,586593
1303,11572860,27275
63,11573145,3451507
1898,11573152,4306
960,11573192,70215
798,11573416,111142
1672,11573455,10019
1461,11573494,17814
454,11573618,318642
1685,11574042,9539
1048,11574091,54039
534,11574155,226065
1078,11574189,49566
1051,11574196,53314
2360,11574201,42
218,11574210,904287
2429,11574217,1
878,11574287,87019
1565,11574304,13240
1320,11574409,26072
676,11574447,160825
20,11574558,5968217
155,11574564,1409982
858,11574622,92209
1758,11574715,7432
1122,11574964,44608
805,11575018,107836
162,11575102,1328464
1622,11575192,11261
276,11575213,637221
110,11575301,2162052
1348,11575343,24529
1507,11575394,16074
917,11575557,78868
1921,11575572,3897
540,11575577,221115
965,11575619,69102
2143,11575667,1161
1716,11575679,8336
1156,11575770,40722
485,11575815,270900
2020,11575848,2292
29,11575851,5471075
711,11575919,146552
1248,11575975,32204
1213,11576246,35551
2184,11576247,828
541,11576386,221100
1482,11576542,16804
65,11576580,3280467
2269,11576585,287
1175,11576664,38957
619,11576725,182693
270,11576982,666095
1585,11577025,12650
1262,11577029,30706
1116,11577078,45254
57,11577091,3978341
846,11577234,94637
699,11577273,151385
1917,11577438,3975
690,11577536,155786
1498,11577590,16317
43,11577701,4478507
1038,11577783,55793
1416,11577818,20274
414,11577828,354206
1723,11577836,8273
985,11578026,65259
431,11578041,337530
2248,11578044,413
1321,11578090,26056
399,11578102,373486
577,11578185,202731
1244,11578228,32378
2282,11578253,255
610,11578280,186210
1099,11578412,47183
333,11578473,498414
12,11578561,6650361
1304,11578588,27231
1030,11578591,56734
286,11578716,603804
446,11578741,323078
77,11578751,2949480
381,11578795,408227
1040,11578854,55460
669,11578902,165582
455,11578932,318052
982,11578954,65360
1677,11579057,9863
795,11579280,113057
1069,11579281,50264
868,11579326,88981
566,11579334,209314
1560,11579369,13339
2128,11579415,1253
905,11579549,81019
437,11579587,331730
300,11579693,572665
1206,11579752,36277
1350,11579776,24210
1259,11579844,31134
766,11579861,124032
31,11579940,5341664
176,11580006,1188224
1466,11580080,17544
411,11580092,356952
360,11580154,444363
1281,11580185,29228
361,11580247,440925
407,11580251,360539
1844,11580303,5417
1533,11580306,14535
1867,11580424,4939
2137,11580434,1191
1910,11580443,4109
1607,11580505,11874
1202,11580536,36741
1424,11580545,19614
79,11580546,2881910
247,11580642,762614
68,11580727,3130992
266,11580752,678079
1158,11580759,40378
47,11580804,4291134
304,11580860,565233
487,11580885,269745
1500,11580915,16254
1267,11581025,30561
861,11581040,91708
746,11581138,132379
334,11581164,497755
876,11581194,87506
213,11581237,925439
1316,11581259,26374
756,11581301,127832
630,11581346,179449
1073,11581397,49972
1558,11581406,13410
336,11581532,494119
478,11581584,275683
193,11581739,1038011
69,11581774,3121620
942,11581801,73868
409,11581803,359307
1678,11581812,9842
1691,11581822,9266
1588,11581861,12588
264,11581896,680171
505,11581944,254705
1290,11581950,28409
467,11581953,288958
1243,11581998,32453
539,11582012,221196
1443,11582057,18582
698,11582072,152143
1361,11582111,23713
565,11582155,209374
1727,11582177,8179
1984,11582229,2966
140,11582289,1629244
585,11582311,199140
1743,11582378,7710
1285,11582397,28875
1105,11582516,46221
1171,11582550,39545
1752,11582594,7521
393,11582648,381414
825,11582721,98756
1686,11582843,9483
401,11582886,372154
242,11582897,786746
759,11582959,126351
1408,11582989,20698
243,11583129,782104
1298,11583189,27631
1995,11583235,2732
375,11583256,416298
995,11583271,61983
1679,11583360,9776
786,11583396,116668
1335,11583425,25219
770,11583433,122810
118,11583490,2082532
1260,11583495,30970
1117,11583526,45233
817,11583559,101948
271,11583666,665172
1211,11583677,35973
2116,11583722,1323
2370,11583728,33
760,11583789,125842
1140,11583808,42273
1456,11583848,18028
260,11583875,706708
2068,11583940,1699
1896,11583949,4330
422,11583974,344476
2277,11584022,263
2169,11584076,978
267,11584085,670837
555,11584103,213444
752,11584283,130243
1039,11584467,55576
457,11584509,315511
704,11584516,148825
363,11584627,439484
1054,11584687,52659
944,11584721,73723
1371,11584722,23055
1093,11584774,48128
1168,11584859,39706
1000,11584945,60852
390,11584960,390156
667,11585046,166163
1875,11585066,4746
448,11585108,322507
1823,11585169,5703
1344,11585279,24793
537,11585343,222679
1796,11585408,6264
2056,11585418,1827
1864,11585459,4966
1556,11585513,13550
719,11585521,140545
1036,11585589,56123
182,11585672,1115996
82,11585758,2745590
730,11585849,137201
220,11585862,896747
553,11585878,213769
1026,11586069,57687
744,11586086,132502
1289,11586087,28451
512,11586091,244917
2016,11586160,2351
1663,11586177,10265
1204,11586272,36357
1305,11586305,27217
211,11586351,943375
1422,11586369,19656
1972,11586391,3196
1159,11586403,40363
947,11586480,72741
357,11586493,452269
477,11586508,275726
1401,11586516,21261
988,11586557,64642
715,11586649,143237
819,11586708,100759
801,11586745,109650
624,11586750,180695
696,11586893,152738
420,11586938,345907
1595,11586972,12353
889,11587035,85138
1400,11587062,21293
1473,11587085,17215
599,11587120,191485
119,11587125,2082394
815,11587146,102290
433,11587153,335445
1046,11587228,54404
589,11587412,196571
1905,11587445,4187
1816,11587446,5865
1512,11587448,15561
1189,11587473,37650
1619,11587482,11415
1570,11587560,13139
1157,11587631,40466
133,11587672,1760897
297,11587673,579375
507,11587789,250802
1177,11587799,38911
353,11587842,456992
1544,11587937,14092
138,11587983,1682582
1815,11588001,5872
1330,11588027,25493
587,11588028,196975
371,11588041,432785
231,11588044,833250
230,11588108,834020
372,11588134,418113
2090,11588143,1467
405,11588181,362832
938,11588182,74660
195,11588248,1034762
951,11588332,72038
1625,11588365,11226
827,11588485,98274
1414,11588495,20305
741,11588522,133686
773,11588529,122247
781,11588546,118125
126,11588698,1866175
1477,11588771,17068
272,11588826,651427
1394,11588879,21727
169,11588911,1249234
1077,11588974,49745
207,11588988,958501
2226,11588998,532
165,11589034,1280894
720,11589035,140402
2161,11589113,1032
857,11589115,92876
1014,11589156,59384
736,11589290,135164
1924,11589302,3854
1835,11589311,5578
1071,11589440,50115
2416,11589511,2
647,11589516,171632
486,11589531,269790
2381,11589617,18
1790,11589619,6411
1707,11589719,8697
462,11589744,302736
1621,11589751,11346
874,11589753,87986
582,11589862,200008
513,11589875,244111
1934,11589926,3697
939,11589965,74351
1033,11589978,56501
1497,11589980,16375
644,11589982,172927
1136,11589985,42472
927,11590051,76695
2038,11590126,2057
1608,11590144,11851
906,11590168,81008
320,11590190,523718
625,11590200,180544
941,11590210,74086
1358,11590341,23945
1577,11590353,12899
1135,11590375,42733
292,11590429,589523
324,11590505,515909
391,11590521,388776
299,11590538,574019
824,11590545,98782
550,11590561,214503
174,11590604,1211599
1888,11590607,4475
329,11590616,509228
301,11590652,570970
1902,11590711,4224
855,11590726,92922
1222,11590775,34391
1824,11590813,5697
415,11591055,354172
761,11591072,125438
1805,11591105,6065
468,11591117,288202
962,11591137,69720
980,11591168,65620
2104,11591199,1423
1955,11591230,3388
552,11591266,214115
1239,11591290,32894
969,11591302,68127
571,11591308,205956
1751,11591347,7549
283,11591426,608887
1932,11591438,3750
656,11591449,168145
189,11591460,1053964
1480,11591567,16886
732,11591662,136876
1948,11591708,3510
1807,11591715,6058
1102,11591744,46649
1787,11591751,6565
603,11591763,188656
911,11591764,79785
517,11591850,242029
680,11591889,159233
1231,11591922,33716
159,11591936,1350283
1779,11591964,6837
1794,11592007,6292
546,11592066,217752
549,11592122,215167
1314,11592134,26657
961,11592136,69941
2127,11592197,1261
1068,11592213,50346
643,11592220,173122
672,11592264,162657
594,11592343,193953
1127,11592376,43588
640,11592381,174193
1235,11592399,33006
999,11592402,61073
295,11592420,583939
404,11592485,363898
1141,11592494,42230
879,11592499,86896
2353,11592511,45
848,11592517,94486
1417,11592573,20147
2079,11592625,1580
1018,11592675,58759
2180,11592738,852
232,11592841,828355
1463,11592888,17686
249,11592903,760905
2261,11592922,333
1031,11592964,56571
803,11592976,109476
689,11592980,155979
2233,11593052,487
800,11593081,110350
1642,11593082,10830
1484,11593094,16719
688,11593101,156690
743,11593138,132916
1684,11593173,9580
901,11593178,81658
1631,11593183,11119
2030,11593185,2176
921,11593187,77289
668,11593240,165715
2040,11593277,2033
1740,11593306,7753
2258,11593346,338
1121,11593398,44669
850,11593404,93994
2073,11593412,1634
1859,11593446,5135
194,11593449,1037447
845,11593476,94712
2276,11593485,268
1233,11593489,33599
436,11593498,332991
532,11593500,227893
511,11593535,245037
1329,11593552,25496
1050,11593620,53491
1830,11593621,5641
340,11593673,489404
1164,11593704,40008
994,11593711,62278
1074,11593750,49788
1738,11593777,7804
328,11593779,510315
1939,11593881,3633
452,11593902,319277
542,11593969,220269
750,11594014,130799
1029,11594069,56794
1265,11594074,30605
991,11594086,63593
1965,11594117,3258
1648,11594133,10731
633,11594169,178342
521,11594205,237636
936,11594208,74975
1292,11594257,28315
2115,11594283,1338
1437,11594336,18808
1011,11594367,59421
1293,11594390,28245
2167,11594408,989
1435,11594446,18831
713,11594462,145625
718,11594485,140651
1432,11594600,19112
1331,11594658,25490
734,11594663,135591
424,11594672,344116
950,11594677,72176
2034,11594678,2136
1554,11594709,13679
973,11594742,66909
1449,11594758,18178
822,11594760,99756
1803,11594775,6077
2005,11594803,2557
1351,11594810,24203
2319,11594892,145
1389,11594902,21933
833,11594976,97013
860,11595022,92029
1184,11595040,38539
1196,11595043,37363
2326,11595227,96
1982,11595251,3029
1937,11595258,3642
2081,11595321,1571
474,11595331,281857
2224,11595383,539
1541,11595492,14171
557,11595513,212456
670,11595536,165495
616,11595544,183730
237,11595580,809745
849,11595608,94288
966,11595618,69022
762,11595619,125333
269,11595623,670262
1411,11595657,20404
2244,11595711,433
2125,11595721,1276
829,11595724,97576
1131,11595728,43193
1459,11595742,17911
1715,11595747,8350
1868,11595748,4934
852,11595769,93185
1907,11595779,4136
1034,11595832,56488
1378,11595853,22696
1584,11595871,12677
2278,11595949,260
1583,11595976,12719
2071,11596092,1652
767,11596094,123235
1174,11596135,39308
1617,11596143,11478
639,11596163,174795
1591,11596172,12525
493,11596176,265160
1954,11596244,3402
1186,11596252,38449
1897,11596256,4326
1711,11596267,8573
832,11596284,97063
964,11596406,69280
1256,11596470,31467
935,11596490,75013
742,11596587,133064
1606,11596708,11913
1103,11596730,46521
1216,11596757,35045
588,11596789,196674
1535,11596822,14452
1133,11596876,42808
1895,11596879,4357
1587,11596880,12624
1892,11596886,4404
1808,11596892,6049
1252,11596957,31924
2026,11596987,2232
1797,11596988,6213
153,11597018,1439348
823,11597027,99475
1951,11597059,3426
1427,11597077,19439
684,11597097,157819
480,11597101,274735
1387,11597180,21944
834,11597192,96896
1433,11597193,18942
1263,11597197,30682
998,11597308,61352
1254,11597377,31608
2172,11597463,938
1299,11597492,27599
367,11597507,434697
1010,11597517,59479
1009,11597518,59777
583,11597592,199406
2418,11597746,2
771,11597759,122716
1336,11597775,25165
1827,11597785,5689
228,11597795,844422
729,11597852,137308
2316,11597858,156
2047,11597890,1990
2189,11597901,770
1491,11597989,16489
2311,11597996,165
2292,11598014,226
740,11598015,134008
1043,11598146,55006
1319,11598173,26167
1640,11598174,10873
1245,11598185,32377
914,11598200,79361
1311,11598248,27028
2201,11598256,697
712,11598277,145678
871,11598296,88117
510,11598403,247199
649,11598416,170921
1589,11598473,12587
198,11598511,1003009
1901,11598522,4274
1287,11598527,28707
2260,11598597,333
1581,11598605,12743
1195,11598630,37365
1474,11598654,17182
717,11598678,140796
562,11598689,211185
2192,11598722,750
1283,11598757,29038
977,11598763,65970
1601,11598829,12137
1419,11598925,19812
416,11598987,352010
1192,11599128,37458
1188,11599185,37684
279,11599248,619825
2057,11599283,1826
217,11599394,907930
1777,11599397,6867
2012,11599415,2440
2036,11599418,2088
784,11599470,116978
1847,11599494,5379
1193,11599503,37452
397,11599606,376764
1784,11599684,6661
2086,11599735,1517
1232,11599739,33704
1286,11599742,28711
1004,11599789,60730
482,11599792,273088
1840,11599850,5474
309,11599873,551782
635,11599899,177361
1534,11599927,14482
1819,11599930,5780
1426,11599950,19543
2348,11599980,54
2374,11600000,29
1750,11600019,7558
1993,11600078,2754
1058,11600114,52297
2231,11600132,502
1671,11600161,10079
1284,11600171,29013
862,11600220,91701
1781,11600268,6749
1393,11600280,21814
1119,11600315,44837
2006,11600344,2542
1279,11600375,29568
2149,11600469,1127
317,11600507,527072
2070,11600509,1667
2394,11600537,13
1291,11600720,28316
2205,11600722,656
1966,11600729,3252
1366,11600742,23579
1555,11600752,13657
1514,11600755,15462
790,11600760,114045
984,11600762,65260
1390,11600766,21927
2302,11600771,196
1307,11600801,27111
1956,11600856,3387
2046,11600974,2008
2202,11600984,691
956,11601043,70931
1735,11601072,7952
922,11601125,77122
2091,11601139,1462
1545,11601165,14076
1637,11601173,10970
2288,11601206,235
1731,11601213,7997
1229,11601294,33770
1634,11601297,11054
1341,11601303,24910
1551,11601339,13802
2300,11601342,202
1012,11601346,59411
655,11601348,168642
2045,11601354,2008
1705,11601364,8853
1961,11601367,3288
1230,11601392,33735
1391,11601401,21908
1410,11601432,20575
1838,11601448,5527
1249,11601489,32121
2385,11601536,15
1594,11601555,12371
1354,11601558,24047
2000,11601598,2704
2100,11601632,1433
2272,11601653,276
1730,11601660,8021
958,11601686,70632
2395,11601693,13
2338,11601725,83
1610,11601771,11651
2094,11601785,1457
802,11601804,109604
1154,11601816,40764
2165,11601827,1000
768,11601835,123069
1987,11601862,2881
2008,11601925,2492
1085,11601949,49115
2368,11601964,36
1574,11601975,13069
1661,11601977,10357
1981,11601989,3032
2329,11602001,92
1712,11602066,8507
1756,11602078,7456
1082,11602112,49318
2176,11602143,900
1531,11602165,14624
2124,11602514,1278
1412,11602537,20369
1569,11602549,13190
2013,11602638,2434
2332,11602645,90
1403,11602703,21145
2345,11602729,67
1772,11602735,7006
1718,11602823,8321
2365,11602826,36
979,11602857,65761
1919,11602862,3931
2294,11602880,208
1413,11602890,20328
1893,11602905,4404
2364,11602953,37
2062,11603058,1775
2344,11603166,68
2267,11603540,292
975,11603763,66092
2396,11603787,13
2357,11603884,44
2135,11603885,1201
1172,11604221,39426
2406,11604229,7
2266,848858078,303
2216,848882576,591
1173,848882638,39325
1656,848882640,10539
1851,848882790,5262
2306,848883785,179
2222,848883809,548
1799,848883866,6180
1885,848883909,4530
2331,848884080,91
1302,848884096,27360
2106,848884260,1421
2347,848884336,64
1091,848884403,48647
1795,848884616,6288
2303,848884638,188
2242,848884959,442
1308,848885067,27088
1748,848885297,7593
2145,848885500,1146
2126,848885700,1265
2144,848885909,1156
1836,848885923,5570
2355,848886136,45
1804,848886212,6073
2103,848886329,1427
1325,848886331,25897
2301,848886412,201
2356,848886826,44
2257,848886984,340
2378,848887218,27
2390,848887248,13
2350,848887606,54
2340,848887699,77
2099,848887783,1435
1346,848887809,24727
2400,848887831,10
2362,848887949,41
2298,848888005,204
2403,848888441,9
1313,848888470,26862
2004,848888588,2588
2393,848888674,13
2211,848888822,621
1660,848888890,10384
2191,848888908,756
2414,848889050,2
2321,848889151,142
1725,848889153,8197
2367,848889896,36
2295,848890127,207
2304,848890196,182
2089,848890255,1475
2293,848890315,220
2188,848890722,781
2208,848891096,636
2383,848892655,18
2335,848892831,89
2352,848892882,49
2422,848893121,2
2405,848893278,8
2372,848893524,30
2313,848893933,163
2290,848893951,227
2413,848894027,3
2289,848894285,228
2417,848894464,2
2419,848894641,2
2343,848895916,71
2369,848895959,34
2361,848896089,41
2391,848896400,13
