956,24949,6764
562,69313,44983
1614,72991,55
1253,74046,1081
381,76535,136038
1335,87485,625
1284,91013,937
1640,103021,38
147,131000,677250
861,167140,10482
417,172156,106326
1530,173683,137
594,218809,37305
484,221076,71895
582,236991,39309
1442,241332,281
916,250592,8273
1212,260876,1377
979,262425,6062
1332,268872,639
1469,302610,233
1511,307775,163
385,309425,133332
1263,317653,1040
1707,322742,18
1201,332069,1550
1178,350372,1702
819,404736,12963
1620,410642,50
1050,422386,3994
1729,445112,10
60,450223,1768241
749,472125,17285
1578,480271,90
445,524468,94758
1189,530168,1600
112,530183,1002454
1021,531357,4865
1698,560786,19
1141,568199,2175
1430,570362,300
1094,578878,2788
4,584532,5890299
1643,587399,36
347,590952,163515
776,599352,15776
22,622676,3477481
1765,634372,4
1114,672149,2446
490,693297,70155
1165,693992,1890
993,736490,5697
307,824913,198532
184,966781,472650
783,982025,15319
1010,987964,5104
1153,1011474,1950
1418,1041221,322
1176,1047404,1735
127,1139841,870643
1374,1160101,448
870,1191124,10138
1325,1266205,684
118,1271696,938141
1551,1338392,114
913,1421877,8396
421,1423290,105244
659,1427030,26194
590,1443996,37876
1292,1468706,874
1557,1484256,108
6,1543676,5342552
134,1552813,807809
1602,1593245,70
1636,1602195,40
92,1704209,1235120
914,1707285,8346
1280,1766316,947
1757,1767836,5
1364,1776976,496
1747,1783519,9
1621,1846025,49
144,1883794,696366
527,1892977,56191
415,1958829,106693
655,2010976,26566
1528,2022011,140
1601,2024771,70
575,2066545,41233
872,2095389,9995
154,2099403,598686
171,2101409,522857
30,2103159,2650887
1395,2143368,380
356,2183276,156398
135,2205177,772292
180,2312922,499083
1297,2327672,849
292,2340579,215190
158,2355594,581786
449,2378785,90589
75,2492175,1489946
1558,2529286,107
313,2573942,188968
379,2624751,136229
1438,2628162,286
340,2629845,169871
160,2641078,574979
1385,2689275,405
694,2690692,22594
1350,2741955,562
1214,2762474,1368
1222,2764142,1327
1576,2774316,90
578,2859033,39868
1100,2861935,2701
475,2894315,77646
1016,2896896,4922
1689,2900891,22
1116,2928875,2412
989,2948330,5825
910,2951071,8503
668,2969476,25340
572,3016894,42202
273,3081606,241914
1607,3084923,64
747,3123107,17560
7,3164027,5299633
1748,3167251,9
46,3221969,2191861
512,3247726,62640
1072,3296113,3327
18,3349541,3919731
649,3367007,27537
653,3369505,26849
1237,3374204,1182
228,3386896,327411
250,3409134,281818
1149,3416130,2000
1259,3442394,1058
1706,3456477,18
1238,3475391,1178
609,3518434,33659
1148,3536735,2006
577,3565238,39959
1599,3577074,74
103,3583969,1079935
341,3610753,169855
231,3613704,322771
1103,3614177,2660
627,3615265,29493
1476,3621009,218
676,3692690,24367
1104,3721015,2646
589,3758216,37888
1544,3767275,120
878,3783278,9594
522,3810618,58875
954,3826500,6826
1506,3826825,170
735,3854432,18505
1692,3894841,22
107,3911533,1040307
97,3919296,1145608
1668,3922235,29
817,3956610,13114
258,3967087,262430
1067,3975832,3514
267,4010372,251106
1115,4028460,2440
557,4052524,46742
677,4059907,24334
9,4060868,4699752
426,4074706,103164
290,4076156,219879
831,4103061,12346
1662,4160578,31
95,4170312,1161730
1397,4184131,371
1108,4208879,2550
1040,4212562,4276
1333,4227564,636
1502,4265390,175
1700,4271520,18
768,4286134,16374
268,4287646,249952
867,4290798,10265
16,4323298,4016236
64,4392415,1672445
821,4440693,12717
265,4448793,252537
658,4463989,26253
141,4474621,704847
1295,4483134,864
1270,4483907,1006
930,4489076,7754
709,4520016,21335
1733,4522417,10
1715,4523624,14
1111,4547149,2465
859,4552852,10550
343,4560143,167810
214,4597869,377943
584,4604968,38871
688,4605137,23331
1421,4610537,314
1038,4618360,4282
11,4623070,4674947
1216,4625704,1364
1693,4702944,22
41,4706285,2276475
1191,4728981,1584
1778,4735412,4
229,4751825,324633
181,4751874,494235
269,4774537,249464
971,4796670,6383
939,4866977,7411
240,4878886,309677
1220,4887363,1333
1015,4904468,5029
621,4918335,31049
1751,4937722,8
1477,7452283,216
1569,7495543,96
1633,7571335,42
1441,7587840,285
1735,7597615,9
778,7632057,15564
896,7664376,9105
1638,7683705,39
922,7693333,8028
1779,7694915,4
315,7697139,186042
81,7701393,1415246
1207,7709640,1469
254,7725772,272750
832,7729742,12231
1658,7732928,32
202,7740726,405708
32,7744308,2616192
66,7756855,1660176
55,7765546,1963100
69,7784423,1588912
454,7794602,86552
782,7844270,15384
71,7845625,1550195
1193,7853246,1578
720,7858104,20098
331,7859372,174085
480,7898920,75004
771,7911630,16156
1180,7923552,1647
772,7933151,16144
1739,7938947,9
1498,7958223,184
1275,7964049,976
1577,7977495,90
1531,8008687,134
1379,8050182,422
283,8061098,223868
218,8068898,367466
1603,8156048,69
327,8170414,178932
999,8175891,5526
150,8226535,651046
1570,8242032,94
1650,8246150,35
624,8346072,30694
674,8348797,24630
1145,8351032,2096
309,8384357,196183
460,8420366,83248
1019,8423392,4876
891,8426613,9279
963,8434557,6590
1000,8437577,5517
1161,8493574,1925
531,8494499,54606
37,8499484,2403299
702,8503116,21934
985,8511500,5899
760,8514881,16699
1054,8572750,3970
1204,8591220,1533
1485,8610810,200
1752,8614914,8
1,8625053,12277041
391,8652911,127259
1687,8724920,23
560,8728227,46182
1190,8737096,1598
257,8748766,264843
1356,8811596,533
469,8872898,79477
62,8886444,1697516
1717,8942820,14
1591,8954302,80
161,8960795,572709
628,8966722,29491
929,8999706,7769
208,9022303,396056
1488,9024545,196
1445,9024993,278
566,9046259,43171
24,9050914,3363162
1155,9069751,1946
1217,9074586,1353
1221,9079039,1331
1622,9082711,49
432,9083860,101333
1261,9088320,1049
444,9111308,94820
1300,9117998,838
851,9132843,10907
911,9158573,8443
616,9177385,32012
1761,9179630,5
367,9201137,144995
986,9218047,5869
94,9228583,1182775
1429,9235028,302
1537,9235606,129
1313,9239900,760
165,9256418,544928
241,9257244,305125
364,9281817,147768
414,9285448,108357
1368,9287359,476
302,9291703,205982
1156,9319347,1941
1529,9343197,139
773,9350347,16080
858,9363759,10564
1090,9374966,2823
39,9378928,2373332
452,9395496,87787
1319,9399388,715
422,9399859,104925
682,9411244,23843
1663,9416482,31
498,9417097,67339
1260,9429700,1058
1076,9438259,3275
400,9459691,119350
1143,9480753,2133
114,9481253,955709
875,9493975,9788
744,9494870,17838
1074,9498770,3290
1122,9504623,2355
59,9519855,1804153
1405,9524292,350
800,9534287,14212
222,9535255,342955
1009,9536782,5133
13,9541931,4239850
1354,9549341,535
1129,9570325,2289
1527,9586394,141
803,9615122,13905
707,9617347,21474
166,9618373,541103
686,9638234,23464
1195,9651327,1568
167,9653593,536053
409,9654427,112472
177,9656817,508968
338,9663073,170118
121,9666398,911686
1338,9669713,610
260,9680770,258128
206,9686498,397620
583,9692357,39155
54,9693542,1969611
1033,9701948,4424
14,9702087,4207684
937,9703312,7552
1160,9715377,1925
1518,9715852,156
533,9722298,53812
1426,9722313,308
1117,9723308,2395
530,9726572,54838
53,9727669,1979387
489,9728514,70371
1060,9736646,3782
209,9738438,395224
779,9739122,15460
852,9746606,10901
792,9749870,14857
332,9752583,173189
15,9754276,4155406
1224,9755423,1309
1366,9755467,491
1133,9759264,2260
1345,9759917,576
207,9762636,396544
1525,9764492,143
708,9769137,21366
1171,9773949,1849
797,9775625,14345
1028,9779589,4569
106,9793371,1045043
965,9793791,6510
1078,9793949,3262
450,9795293,89849
232,9805916,322718
101,9811720,1104672
182,9812061,489721
1770,9816545,4
1446,9816586,275
1582,9819033,89
58,9821246,1829334
850,9822692,11023
3,9824743,6102053
509,9825471,63550
1474,9826695,222
1008,9837364,5248
1328,9842326,658
1376,9846073,443
1093,9850399,2795
336,9855111,171985
1164,9856832,1896
580,9857136,39459
63,9857153,1678961
187,9863028,463659
520,9866869,60512
940,9867834,7405
61,9872471,1725416
798,9892686,14276
1754,9900978,5
174,9905888,516311
645,9907450,28017
120,9907526,920822
617,9916353,31852
1352,9927865,550
1423,9928760,310
642,9932769,28320
1535,9934518,130
952,9943357,6898
8,9945152,4869408
1105,9946792,2607
641,9948696,28383
1559,9954918,107
951,9970636,6916
842,9971387,11509
1545,9971927,118
334,9972395,172925
1637,9977697,40
459,9999203,83339
272,10004754,242034
1271,10006413,1001
1484,10015820,200
373,10016824,140411
377,10022424,138241
196,10022434,428547
1291,10024480,882
168,10025620,535732
486,10030348,71185
1440,10033324,286
116,10034060,947363
68,10044793,1591164
1425,10049468,309
853,10062609,10869
1052,10064149,3978
510,10071221,62888
374,10080689,139188
1062,10088588,3723
1629,10095756,45
1205,10096481,1527
1130,10103656,2280
846,10105921,11276
111,10117247,1003053
1303,10118289,811
610,10122429,33602
1468,10136329,237
893,10153655,9230
42,10155570,2235557
183,10156877,489046
828,10160085,12420
837,10166307,11920
230,10170847,324239
927,10175727,7815
352,10184180,159705
1774,10186786,4
333,10188822,172984
23,10194357,3431036
270,10223484,247239
1065,10223699,3625
197,10235365,424049
758,10237688,16813
1613,10239126,57
1612,10256288,57
540,10257312,51611
1543,10265807,123
404,10271596,113473
1459,10279622,253
316,10284554,185680
895,10285895,9136
1787,10288348,1
1547,10288973,117
1290,10300814,903
137,10308663,728356
163,10308855,545492
249,10314871,285134
388,10327092,129778
440,10330976,95776
793,10331147,14634
438,10339643,96257
532,10345581,54322
1553,10363882,112
1154,10370714,1947
245,10372291,290733
1415,10404773,325
1254,10411916,1074
1110,10413297,2518
746,10425053,17782
731,10432991,19155
411,10434247,111457
637,10442746,28596
755,10449559,16936
958,10453800,6745
1324,10454394,685
1509,10458494,169
1493,10466843,188
1738,10471994,9
201,10479710,410247
1777,10481783,4
1370,10498849,465
1066,10503195,3597
1269,10508058,1009
431,10514103,101343
1378,10523234,427
679,10527075,24155
244,10558553,294506
99,10560963,1111379
998,10577924,5607
115,10588557,953455
1568,10589564,96
5,10593665,5726005
1061,10595476,3779
358,10596056,153080
1314,10599670,746
142,10599981,701059
843,10605812,11508
1690,10625580,22
1642,10629576,36
820,10639056,12858
1471,10644867,227
511,10648397,62829
689,10654945,23330
1448,10669541,272
1347,10672399,571
1651,10686092,35
1267,10689460,1015
376,10701310,138354
162,10735961,552534
794,10746676,14579
1170,10748337,1857
407,10752464,112691
1404,10756063,350
1670,10766406,28
70,10780030,1576974
1098,10793521,2740
684,10799693,23646
1187,10807416,1607
1177,10812416,1707
108,10816677,1029175
1624,10823358,48
866,10827033,10272
786,10827122,15157
223,10827927,340278
1298,10828947,846
990,10832188,5750
384,10834368,133977
840,10839640,11666
667,10852530,25390
91,10857192,1241838
1674,10866507,27
392,10878557,127226
49,10878628,2131117
93,10879701,1192788
1723,10885782,12
1057,10889191,3865
1631,10891965,44
1135,10892715,2246
375,10922522,138543
756,10930154,16878
80,10931110,1424505
662,10936722,25806
1586,10967029,84
221,10971993,348455
1683,10972989,26
1344,10974614,577
601,10987357,35577
133,10995258,812957
750,10996554,17191
123,11001646,906537
67,11007773,1646409
456,11013293,85010
225,11015252,337725
1567,11024396,98
48,11031013,2156944
1435,11033911,289
1694,11036879,22
762,11044048,16605
1764,11048328,4
146,11049600,681265
886,11053953,9458
1740,11067376,9
1560,11069917,106
1487,11079554,197
1710,11079927,17
791,11081905,14911
360,11089117,151955
1312,11093157,762
1226,11111389,1301
1691,11114489,22
1550,11114674,114
1311,11121928,765
44,11123488,2201721
77,11125816,1438615
1626,11129135,46
441,11136898,95319
1678,11137279,27
38,11142409,2398162
1106,11154821,2603
311,11156337,189743
763,11165325,16550
466,11166958,80320
1458,11168576,257
1085,11173525,3029
398,11177514,120669
766,11179076,16425
369,11181835,143330
897,11194357,9043
586,11198873,38607
1589,11202401,81
1755,11202770,5
1556,11203298,110
703,11203348,21839
1597,11207522,75
98,11208061,1126924
448,11213712,90689
1362,11217090,507
1389,11219365,389
178,11234824,504794
592,11235109,37606
1186,11235753,1617
102,11235765,1087114
602,11241365,35429
88,11244468,1250222
1046,11245031,4152
436,11245157,98427
945,11245940,7275
191,11248730,445308
259,11249921,259796
1644,11251150,36
785,11253437,15159
1457,11256005,259
1538,11256217,129
1767,11256290,4
434,11257617,99209
57,11258869,1837010
1318,11261818,719
156,11262315,589831
1434,11262342,290
25,11264344,3265289
672,11265120,24783
670,11267484,25120
1365,11273727,494
1617,11275707,54
10,11276765,4692167
1719,11279908,13
173,11287785,519619
1646,11291153,36
461,11291502,83032
1183,11291922,1641
397,11292912,120757
909,11295140,8575
1084,11295245,3060
905,11297966,8707
1478,11304640,209
1542,11308181,124
849,11310706,11118
190,11311283,451652
525,11313797,56496
1501,11316156,178
1753,11317267,8
604,11320640,34783
266,11327688,251628
1126,11327731,2320
1288,11327990,910
1371,11328432,460
646,11328982,27900
1432,11329728,295
100,11329925,1105169
615,11330092,32125
493,11330880,69196
1036,11332326,4297
1611,11332608,57
138,11333080,723393
1120,11334922,2378
140,11336298,708843
1223,11337880,1322
992,11340252,5745
238,11340394,315479
947,11340438,7242
1241,11342963,1160
164,11345440,545482
887,11346101,9364
1257,11346722,1069
1274,11346948,983
72,11347309,1549827
556,11349228,46964
2,11349647,6844800
696,11350208,22417
321,11352765,181440
991,11356175,5749
614,11357935,32273
405,11359067,113329
89,11361099,1248237
215,11361466,374930
729,11361839,19247
482,11361860,74113
657,11362816,26303
20,11363242,3642998
1705,11363340,18
863,11366242,10348
1696,11368465,20
1718,11369099,14
687,11371577,23442
337,11372349,170708
1584,11373143,88
1605,11373501,65
539,11375052,51809
1136,11375133,2245
350,11376482,160790
1507,11377047,170
1235,11379483,1220
148,11380846,668084
544,11381136,50220
78,11381205,1436562
595,11381544,37093
73,11381902,1532787
281,11381913,225294
1252,11381976,1092
1775,11382074,4
1336,11382159,620
304,11382165,202786
1552,11382209,114
1242,11382235,1159
1741,11382345,9
1163,11382491,1903
713,11382564,20921
1017,11382656,4898
855,11382676,10628
1451,11382771,267
1598,11382832,75
692,11382967,23004
593,11382978,37428
588,11385223,38573
1486,11386823,200
1659,11386852,32
264,11388060,252960
1127,11388229,2314
597,11389514,36726
953,11390345,6871
1672,11392577,28
310,11392673,193020
247,11392794,288577
733,11393462,18715
1416,11396732,324
808,11397656,13630
1251,11398399,1119
666,11399884,25602
1660,11400374,31
1306,11400585,803
1781,11401036,4
339,11401257,169994
1532,11401704,134
1402,11401765,352
1023,11402534,4823
477,11403039,75842
1682,11406423,26
274,11406499,234913
1400,11406891,353
569,11406943,42735
1391,11406992,385
151,11407471,621468
1749,11408297,9
1571,11409561,94
514,11412252,61603
654,11412579,26793
1564,11413982,105
1225,11414445,1307
1181,11415644,1645
155,11417919,590405
235,11418149,320579
1555,11422826,110
632,11423926,28946
994,11424186,5659
45,11428054,2196735
1504,11429303,173
1014,11429335,5045
1213,11429640,1370
467,11432212,80315
236,11432672,318482
722,11434215,19964
620,11434460,31144
606,11434739,34666
84,11436304,1343304
890,11436476,9328
1070,11439645,3445
1654,11440038,35
826,11440190,12480
1539,11440705,126
1454,11441354,260
488,11442303,70671
767,11444181,16417
136,11444819,747979
796,11445493,14463
1648,11446460,36
487,11446962,70770
297,11447455,209430
845,11448058,11482
90,11448396,1246871
1699,11448573,19
365,11448918,147634
1175,11450354,1737
28,11450756,2820463
1192,11450838,1582
308,11451374,196800
961,11451823,6646
524,11452427,58040
210,11454219,393877
633,11454448,28846
1686,11454725,24
1082,11455334,3153
251,11456075,281209
19,11456762,3672004
12,11456965,4543140
261,11457467,257717
656,11457481,26520
1661,11457524,31
29,11457531,2659421
697,11457584,22402
104,11457627,1065092
1069,11457651,3470
109,11457653,1006580
1680,11457850,27
248,11457926,285380
1702,11458220,18
1317,11458312,736
305,11458360,199385
988,11458373,5836
499,11458939,67332
1675,11459072,27
1721,11459760,13
734,11459883,18693
944,11459959,7278
968,11460459,6460
1784,11460639,4
145,11460926,686597
631,11460953,28947
1323,11461417,690
576,11462294,40508
675,11462372,24428
143,11462437,699380
27,11462595,2973931
1627,11462697,46
1593,11462988,78
1388,11463184,394
536,11463662,52880
372,11464104,141222
898,11465517,9001
1342,11465522,596
816,11466012,13147
1406,11466721,345
780,11466831,15458
1112,11466835,2464
1399,11467586,361
1688,11467915,23
1725,11467949,12
753,11468423,17029
844,11469386,11496
1095,11469703,2786
464,11470502,80812
1462,11470630,249
1250,11471959,1119
1307,11472334,799
1463,11473615,248
43,11473945,2207881
1034,11474044,4341
199,11474666,414519
1039,11475150,4281
1080,11475453,3213
552,11475486,48495
1587,11475608,84
1063,11475746,3720
1305,11475894,806
1287,11476128,914
1162,11476488,1906
1282,11477300,941
685,11477901,23625
1727,11479198,10
717,11479363,20193
1131,11479384,2274
1742,11479406,9
827,11480242,12425
234,11480530,321689
52,11480775,1997061
1510,11481794,168
1737,11482080,9
1218,11482104,1346
1786,11482451,1
159,11482513,578766
936,11482521,7556
303,11482858,204273
233,11483378,322062
1035,11483589,4314
1756,11484128,5
1695,11484364,22
193,11484442,431428
1408,11484748,344
255,11484837,271763
237,11484838,316824
507,11484955,65030
1005,11485150,5425
804,11485411,13820
328,11485575,178486
1059,11485584,3830
1703,11485996,18
1466,11486132,239
1673,11486738,28
877,11486742,9723
1089,11487393,2848
1726,11487405,11
1750,11487698,9
420,11488215,105484
882,11489259,9534
1107,11489380,2556
681,11489468,24042
1685,11489677,25
876,11489715,9741
1196,11489716,1567
200,11489762,414490
1746,11489805,9
1732,11490013,10
1491,11490830,191
40,11491843,2345160
153,11491976,600474
923,11492559,8020
1472,11492602,226
1524,11492683,150
1712,11492706,16
570,11492748,42560
1769,11493248,4
761,11493450,16684
1734,11494228,10
492,11494711,69270
195,11495131,429684
129,11496463,851236
495,11498003,68094
430,11498014,101865
1422,11500642,311
1713,11500927,15
1372,11501109,455
1760,11501255,5
335,11502163,172879
799,11503086,14235
139,11503260,715464
665,11504043,25780
383,11504509,134321
1709,11504673,18
419,11505569,105656
710,11506153,21291
1728,11506383,10
443,11510101,94880
1619,11510710,50
1394,11510891,380
470,11511116,79080
296,11512291,211171
295,11512990,211597
1744,11513446,9
869,11513858,10172
1596,11514504,76
76,11514624,1458507
1233,11515897,1250
1142,11517971,2148
386,11518205,131526
626,11518282,29573
485,11520408,71674
1091,11520517,2817
742,11520529,17880
476,11521321,77392
1773,11522530,4
943,11522830,7338
256,11523474,267268
479,11524051,75135
1331,11525269,652
1766,11526954,4
1450,11527470,270
868,11527583,10226
1730,11528482,10
1358,11528584,522
361,11529940,150614
1574,11529945,91
1562,11530161,105
1483,11530722,200
217,11531037,367653
427,11531081,102935
1232,11531283,1252
693,11532200,22788
517,11532441,61095
96,11534880,1158842
1731,11535206,10
1101,11535695,2699
563,11535784,44902
253,11536783,275116
618,11536813,31296
912,11537103,8402
1320,11537664,707
1639,11538780,39
526,11539270,56349
387,11539564,131099
1360,11540057,511
128,11540091,859758
239,11540192,312468
152,11540201,601165
933,11540346,7680
1437,11540994,288
33,11541393,2612754
279,11541854,227179
1197,11541945,1565
822,11543386,12592
1697,11544222,20
79,11544449,1435932
568,11545365,42977
1264,11546443,1039
1625,11546878,47
21,11547498,3525471
330,11547600,176116
1492,11547807,190
1671,11548196,28
757,11548217,16856
1265,11550183,1037
812,11551116,13444
1239,11551551,1171
825,11551707,12491
1119,11551762,2385
671,11552136,24820
494,11552349,68170
967,11552476,6477
920,11552630,8127
85,11552654,1335054
1519,11553039,155
564,11554814,44825
546,11555025,50110
739,11555069,18308
1203,11555653,1533
1096,11555908,2756
787,11555999,15150
1514,11556119,162
538,11556288,52723
276,11556496,232754
463,11556770,81690
1227,11556887,1299
1211,11556943,1385
706,11557083,21506
1373,11557293,451
1500,11557310,180
413,11557320,109384
462,11557742,81747
1579,11557774,90
1380,11557924,419
678,11557940,24229
1013,11558171,5056
571,11558172,42428
969,11558174,6453
704,11558175,21661
286,11558907,221502
51,11559237,2052991
416,11559439,106664
559,11560088,46487
1179,11560245,1678
170,11560394,529355
1720,11560448,13
716,11560556,20575
378,11560604,137905
865,11560641,10303
1452,11560873,267
194,11561144,430692
47,11561270,2170366
871,11561567,10002
1236,11562033,1210
1489,11562341,193
242,11562751,305001
403,11562759,115463
1534,11562791,134
1652,11562993,35
1081,11563297,3174
293,11563423,215099
1384,11563457,406
1032,11563477,4426
119,11563951,937897
1780,11564072,4
1460,11564532,252
243,11564558,300494
74,11564682,1516007
613,11564724,32754
1188,11564788,1605
428,11564971,102655
465,11564997,80522
551,11565197,48593
889,11565244,9334
491,11565306,69507
1304,11565557,808
359,11565768,152559
1123,11566051,2343
122,11566343,909344
105,11566345,1053820
1708,11566472,18
1508,11566546,169
1759,11566571,5
399,11567120,119762
1294,11567474,865
537,11567696,52800
212,11567759,385156
131,11568269,833539
1308,11568289,782
996,11568306,5648
348,11568691,161930
65,11568849,1661361
1068,11569029,3500
1494,11569497,188
1301,11569649,834
892,11569675,9257
1401,11569801,353
294,11569915,212681
1465,11570683,240
86,11571058,1329836
587,11571192,38601
1184,11571201,1641
664,11571206,25789
970,11571712,6385
888,11572230,9356
1375,11572314,445
1359,11572829,511
252,11573145,276005
669,11573192,25245
1011,11573416,5094
1490,11573455,193
1097,11573618,2750
1424,11574042,310
984,11574155,5930
1632,11574201,42
1369,11574210,467
508,11574287,63655
1174,11574304,1750
362,11574447,150473
31,11574558,2635740
894,11574564,9188
639,11575018,28393
275,11575102,234226
227,11575213,330795
87,11575301,1306965
1679,11575394,27
1482,11575572,205
925,11575679,7946
644,11575770,28287
1664,11575815,30
50,11575851,2078724
918,11575919,8238
975,11575975,6263
902,11576246,8814
711,11576386,21195
82,11576580,1377630
1001,11576664,5502
458,11576725,84011
523,11576982,58263
976,11577029,6220
638,11577078,28442
83,11577091,1346068
1056,11577234,3891
1258,11577273,1065
1353,11577438,540
472,11577536,78444
964,11577590,6583
216,11577701,368312
1088,11577783,2885
1357,11577818,529
314,11577828,187014
1322,11577836,703
558,11578026,46502
748,11578041,17428
1152,11578090,1968
715,11578102,20747
841,11578185,11653
926,11578228,7854
1467,11578253,239
429,11578280,102303
596,11578412,36971
213,11578473,383651
26,11578561,3055472
1676,11578588,27
647,11578591,27673
285,11578716,222073
382,11578741,134507
56,11578751,1850677
289,11578795,219908
1173,11578854,1801
718,11578902,20171
960,11578932,6671
585,11578954,38838
1194,11579057,1577
451,11579280,89589
1279,11579281,957
1585,11579334,85
921,11579549,8087
932,11579587,7703
282,11579693,224398
1030,11579844,4540
1146,11579861,2091
17,11579940,3957202
110,11580006,1005466
813,11580080,13400
298,11580092,208148
651,11580154,27056
807,11580185,13741
410,11580247,112312
1536,11580251,130
1645,11580303,36
1240,11580306,1163
1249,11580434,1131
1134,11580443,2251
1293,11580505,868
740,11580536,18271
885,11580545,9495
211,11580546,386763
226,11580642,331932
35,11580727,2532550
1669,11580752,29
1630,11580759,45
124,11580804,900774
368,11580860,144810
751,11580885,17143
907,11580915,8657
1268,11581025,1013
1277,11581040,967
856,11581138,10625
323,11581164,180902
1276,11581194,969
125,11581237,890692
1087,11581259,2948
977,11581301,6200
396,11581346,121596
860,11581397,10519
835,11581406,12007
500,11581532,67186
504,11581584,66160
548,11581739,49402
34,11581774,2603517
1561,11581801,106
607,11581803,34451
1025,11581812,4799
972,11581822,6304
1326,11581861,678
394,11581896,125614
370,11581944,142581
1609,11581950,60
934,11581953,7638
1079,11581998,3243
973,11582012,6287
1121,11582057,2369
864,11582072,10340
1124,11582111,2340
329,11582155,177252
1386,11582177,402
1572,11582229,94
598,11582289,36185
1299,11582311,841
1497,11582397,186
1464,11582516,245
1137,11582550,2242
363,11582648,148933
1461,11582721,252
1044,11582843,4228
528,11582886,55878
591,11582897,37796
623,11582959,30838
966,11582989,6500
318,11583129,182552
1594,11583189,77
1403,11583235,352
962,11583256,6610
1037,11583271,4296
810,11583396,13558
1031,11583425,4537
1367,11583433,489
169,11583490,532466
1667,11583495,29
567,11583526,43048
1172,11583559,1811
354,11583666,158856
790,11583677,14955
1711,11583722,17
1656,11583728,33
862,11583789,10443
839,11583808,11754
149,11583875,655309
1198,11583940,1557
814,11583974,13253
1677,11584076,27
219,11584085,354980
357,11584103,154711
473,11584283,78409
725,11584467,19635
516,11584509,61106
759,11584516,16743
204,11584627,403769
1109,11584687,2534
795,11584721,14487
1449,11584722,271
1339,11584859,604
1206,11584945,1521
345,11584960,166418
346,11585046,163572
611,11585108,33595
1202,11585169,1544
765,11585279,16500
344,11585343,167207
983,11585408,5954
948,11585513,7176
700,11585521,22239
643,11585589,28288
818,11585672,13068
36,11585758,2465698
634,11585849,28770
126,11585862,888087
322,11585878,181316
726,11586069,19566
691,11586086,23116
809,11586087,13619
789,11586091,14964
1138,11586160,2201
935,11586272,7589
1337,11586305,618
1414,11586351,330
1285,11586369,925
1512,11586391,163
811,11586480,13498
412,11586493,109841
663,11586508,25803
834,11586516,12171
1310,11586649,765
741,11586708,17883
1296,11586745,859
326,11586750,179164
453,11586938,87127
1387,11586972,401
1666,11587035,29
730,11587062,19202
1018,11587085,4887
900,11587120,8914
203,11587125,405118
1782,11587146,4
650,11587153,27364
1064,11587228,3707
353,11587412,159289
1077,11587445,3268
1382,11587446,409
1026,11587448,4723
1443,11587473,281
1281,11587482,942
1398,11587560,362
724,11587631,19674
262,11587672,257635
355,11587673,158021
781,11587789,15425
745,11587799,17793
1348,11587842,569
1788,11587937,1
186,11587983,465647
1302,11588027,822
468,11588028,79777
224,11588041,338730
622,11588044,30917
406,11588108,112769
351,11588134,160640
1431,11588143,296
446,11588181,92954
1334,11588182,632
380,11588248,136099
1049,11588365,4002
806,11588495,13753
824,11588529,12511
1427,11588546,305
117,11588698,945329
1128,11588771,2290
205,11588826,402026
719,11588879,20151
113,11588911,975744
881,11588974,9537
705,11588988,21544
172,11589034,522046
505,11589035,66135
805,11589115,13773
874,11589156,9872
1540,11589302,125
1230,11589440,1265
502,11589516,66519
425,11589531,103505
1701,11589617,18
1200,11589619,1553
1456,11589719,260
277,11589744,231365
519,11589862,60596
435,11589875,98447
1199,11589926,1556
481,11589965,74315
1234,11589978,1245
501,11589982,67093
946,11589985,7265
680,11590051,24067
1546,11590126,117
1147,11590144,2065
599,11590168,35789
349,11590190,160972
777,11590200,15742
743,11590210,17849
1473,11590353,223
764,11590375,16525
185,11590429,468137
175,11590505,513296
389,11590521,128646
695,11590538,22470
534,11590545,53541
555,11590561,47860
179,11590604,501575
1541,11590607,124
775,11590616,15935
263,11590652,253024
579,11590726,39688
1229,11590775,1271
1125,11590813,2327
915,11591055,8323
1003,11591072,5476
1286,11591105,922
288,11591117,219967
535,11591137,53535
1349,11591230,568
401,11591266,119319
1444,11591290,280
518,11591302,60662
324,11591308,180496
1549,11591347,115
424,11591426,103776
1390,11591438,387
1083,11591449,3135
132,11591460,831078
630,11591662,29362
1309,11591708,768
899,11591744,8966
1327,11591751,676
325,11591763,180359
515,11591764,61595
478,11591850,75774
554,11591889,48117
699,11591922,22283
188,11591936,462051
997,11591964,5645
1743,11592007,9
471,11592066,78680
320,11592122,181471
906,11592134,8665
1341,11592136,599
1503,11592197,173
883,11592220,9509
801,11592264,14067
1075,11592343,3289
1208,11592376,1463
1413,11592381,335
673,11592399,24665
1086,11592402,2966
342,11592420,169230
506,11592485,66133
769,11592494,16321
738,11592499,18396
1628,11592511,45
545,11592517,50191
838,11592573,11794
1219,11592625,1334
1004,11592675,5456
1681,11592738,27
447,11592841,91486
1231,11592888,1254
284,11592903,223669
1407,11592964,345
995,11592976,5657
1159,11592980,1927
1513,11593052,162
418,11593081,105987
978,11593082,6082
830,11593094,12362
1565,11593101,104
788,11593138,15087
1588,11593173,82
1228,11593178,1292
1012,11593183,5063
1289,11593185,904
483,11593187,73901
752,11593240,17119
1595,11593346,77
981,11593398,6042
541,11593404,51435
1361,11593446,507
198,11593449,420011
1515,11593485,160
1247,11593489,1143
301,11593498,206357
439,11593500,96186
1029,11593535,4544
690,11593552,23128
549,11593620,49183
1041,11593621,4258
271,11593673,245608
728,11593704,19259
529,11593711,55426
833,11593750,12227
1099,11593777,2732
648,11593779,27588
1321,11593881,705
815,11593902,13174
1412,11593969,336
402,11594014,118709
982,11594069,6003
625,11594074,30090
635,11594086,28707
928,11594133,7790
737,11594169,18436
366,11594205,146058
1132,11594208,2261
1392,11594257,385
1351,11594283,556
1042,11594336,4258
1785,11594367,4
652,11594390,26890
1436,11594446,288
437,11594462,97058
608,11594485,33835
1316,11594600,737
955,11594658,6799
573,11594663,41435
312,11594672,189233
503,11594677,66238
1346,11594678,571
1363,11594709,498
543,11594742,50380
873,11594758,9876
442,11594760,95001
1006,11594775,5395
1420,11594803,319
712,11594810,20926
1419,11594902,320
732,11595022,19101
1167,11595040,1877
603,11595043,34788
1343,11595258,581
280,11595331,225344
1256,11595492,1072
949,11595513,7118
1055,11595536,3932
1022,11595544,4864
371,11595580,142247
619,11595608,31287
931,11595618,7741
640,11595619,28391
176,11595623,513101
774,11595657,15954
1758,11595721,5
1053,11595724,3974
1073,11595728,3313
1329,11595742,654
942,11595747,7343
457,11595769,84160
550,11595832,48631
1704,11595853,18
1428,11595871,305
1453,11595949,260
1047,11595976,4050
1517,11596135,158
1139,11596143,2200
395,11596163,122094
836,11596172,11984
291,11596176,216992
1771,11596244,4
1433,11596252,290
1762,11596267,5
660,11596284,26188
941,11596406,7381
629,11596470,29391
496,11596490,68021
433,11596587,100689
1245,11596708,1155
770,11596730,16194
1763,11596757,5
319,11596789,182474
1266,11596822,1035
600,11596876,35771
1140,11596879,2182
829,11596880,12387
1455,11596886,260
1071,11596892,3381
727,11596957,19367
1393,11596988,382
130,11597018,849108
723,11597027,19828
1523,11597097,151
300,11597101,206362
1244,11597180,1156
474,11597192,78124
784,11597197,15265
605,11597308,34691
714,11597377,20887
1283,11597463,938
879,11597492,9589
246,11597507,289435
553,11597517,48270
1657,11597518,32
306,11597592,199212
736,11597759,18478
802,11597775,13987
1168,11597785,1876
192,11597795,444029
521,11597852,59318
1355,11597890,534
1255,11597989,1073
1590,11598015,81
683,11598146,23750
957,11598173,6749
1499,11598174,180
1495,11598185,188
1566,11598200,104
884,11598248,9502
393,11598277,125614
561,11598296,45262
287,11598403,221352
574,11598416,41419
189,11598511,461024
1045,11598522,4187
1058,11598527,3863
1417,11598597,323
823,11598605,12561
1007,11598630,5318
1113,11598654,2452
317,11598689,184342
1724,11598722,12
901,11598757,8868
917,11598763,8251
959,11598829,6681
1157,11598925,1932
542,11598987,51100
847,11599128,11170
1377,11599185,439
299,11599248,206999
1573,11599283,94
157,11599394,586026
1215,11599397,1367
1383,11599415,408
1580,11599418,90
497,11599470,67574
919,11599503,8164
220,11599606,353617
1020,11599684,4872
1182,11599739,1645
636,11599742,28703
1610,11599850,57
565,11599873,44205
408,11599899,112650
1475,11599927,220
1144,11599930,2103
1684,11599980,26
1248,11600019,1133
908,11600114,8629
1548,11600132,116
924,11600161,8002
612,11600220,32960
974,11600268,6267
1273,11600280,983
1272,11600344,989
701,11600375,22031
278,11600507,231125
1330,11600509,652
754,11600720,16978
1522,11600722,152
1396,11600742,376
423,11600760,104717
547,11600762,49436
1776,11600766,4
1641,11600801,37
1150,11600856,1990
1505,11600984,172
1521,11601043,153
513,11601125,61805
1581,11601139,89
880,11601165,9538
1563,11601173,105
661,11601294,26001
854,11601297,10737
1209,11601303,1455
1592,11601342,80
950,11601346,7045
390,11601348,128219
1151,11601354,1986
1185,11601364,1623
1118,11601367,2388
1169,11601392,1868
1002,11601401,5495
721,11601432,20084
1554,11601448,112
1409,11601489,340
1102,11601555,2689
1618,11601558,52
1278,11601598,967
1315,11601686,737
1783,11601725,4
848,11601771,11157
1411,11601785,336
938,11601804,7459
857,11601816,10607
455,11601835,86252
1210,11601862,1440
1166,11601925,1882
1340,11601949,604
1647,11601964,36
1092,11601977,2807
1479,11602066,208
1051,11602078,3982
1024,11602112,4815
1716,11602143,14
1575,11602645,90
1604,11602703,66
987,11602735,5861
1381,11602823,410
1027,11602857,4683
1262,11602862,1042
1439,11602890,286
1653,11602953,35
1606,11603166,64
1048,11603763,4025
581,11604221,39332
1516,848858078,159
1736,848882640,9
1243,848882790,1158
698,848884096,22375
980,848884403,6057
1447,848884616,274
1496,848884638,188
1520,848884959,154
1615,848885067,54
1043,848885297,4247
1246,848885500,1146
1665,848885700,30
1533,848885923,134
1608,848886329,62
904,848886331,8727
1410,848886984,338
1616,848887606,54
1158,848887809,1932
1635,848887949,41
1745,848888441,9
903,848888890,8752
1526,848889151,142
1649,848889896,36
1480,848890127,207
1481,848890315,206
1714,848891096,14
1583,848892831,89
1623,848892882,49
1772,848893278,4
1768,848893524,4
1470,848894285,228
1600,848895916,71
1655,848895959,34
1634,848896089,41
1722,848896400,13
