1238,24949,14893
1957,69313,1456
717,70886,60497
1577,72991,5717
1359,74046,10713
1958,74746,1454
876,76535,39049
601,87485,88572
1926,91013,1628
1354,103021,10779
1405,110622,9309
995,131000,28008
1899,167140,1887
137,172156,602034
640,173683,79150
1602,198577,5389
1802,218809,2827
611,221076,86036
2010,236991,1201
1184,241332,16807
1187,250592,16721
883,260876,38113
323,262425,224422
1252,267865,14512
2029,268872,1127
928,279833,32897
1284,280498,13268
1267,295183,14113
796,302610,48435
1459,307775,8166
402,309425,171399
614,317653,84928
2317,322742,26
449,332069,146903
1715,350372,3789
2017,356754,1168
660,404736,75195
2084,410642,802
652,422386,76447
2302,445112,38
11,450223,3930570
2266,472125,117
1025,480271,25829
1350,524468,10808
1063,530168,23508
39,530183,1842414
720,531357,60011
1964,541223,1436
740,560786,57621
1401,568199,9398
1091,570362,21773
1258,578878,14296
31,584532,2309662
340,587399,207035
1569,590952,5837
744,599352,56866
108,622676,740984
1804,634372,2813
1055,672149,23988
1519,677298,6928
563,693297,101150
1912,693992,1755
285,735845,262535
2036,736490,1065
913,738909,34427
171,824913,483523
1657,838821,4455
2023,848612,1140
1099,966781,21472
1409,982025,9242
1762,985801,3164
1536,987964,6479
239,1011474,325981
1662,1041221,4410
1017,1047404,26493
714,1053865,60829
1474,1075262,7789
501,1139841,124339
1442,1160101,8442
1961,1191124,1450
1035,1241525,25051
1191,1266205,16533
144,1271696,585891
1368,1307800,10478
751,1338392,55751
1857,1421877,2197
200,1423290,407293
587,1427030,92345
385,1443996,178335
1587,1448920,5590
1319,1468706,11887
1749,1475172,3336
839,1484256,42194
2242,1529820,177
198,1543676,413473
429,1552813,157657
1967,1581217,1427
816,1593245,45801
820,1602195,45537
2076,1616601,820
1216,1689189,15464
506,1704209,122048
1908,1707285,1777
390,1766316,175101
1907,1767836,1782
1043,1776976,24768
1079,1783519,22553
1898,1804063,1889
1814,1846025,2700
1548,1853684,6227
41,1883794,1808200
512,1892977,121088
1477,1902556,7734
2290,1907978,65
2132,1935054,572
252,1958829,304960
428,2010976,157729
1381,2022011,10051
1083,2024771,22378
413,2066545,164431
1305,2095389,12569
50,2099403,1578975
63,2101409,1224708
27,2103159,2547251
818,2103446,45737
1534,2119345,6643
2142,2143368,526
1040,2183276,24885
51,2205177,1546251
1521,2252656,6906
1809,2312922,2753
1770,2327672,3091
1141,2340579,18980
40,2355594,1817906
134,2378785,607412
2133,2413228,566
104,2492175,766293
1286,2492628,13213
2301,2529286,40
237,2573942,335353
2128,2624715,582
300,2624751,251180
852,2628162,40718
592,2629845,90352
90,2641078,855871
1997,2689275,1264
1081,2690692,22491
613,2741955,85656
1618,2762474,5125
1831,2764142,2514
2339,2815710,4
653,2834599,76410
605,2859033,88288
768,2861935,50926
677,2894315,72729
337,2896896,210445
1999,2900891,1255
1185,2928875,16804
1596,2948330,5435
1404,2951071,9348
366,2969476,190539
167,3016894,499080
468,3081606,139462
2107,3084923,650
1858,3090165,2187
1327,3118342,11472
1373,3123107,10270
43,3164027,1720816
1331,3167251,11413
1851,3175892,2279
59,3221969,1292762
1050,3247726,24518
1021,3296113,25988
405,3349541,167983
873,3367007,39133
1140,3369505,19024
1994,3374204,1281
789,3386896,48842
362,3388150,192907
223,3409134,359557
831,3416130,43776
450,3442394,146811
1735,3456477,3501
1638,3475391,4813
1365,3477401,10551
537,3518434,111434
1664,3536735,4369
1419,3542945,9115
2176,3546174,376
1943,3565238,1553
1993,3577074,1284
381,3583969,179553
85,3610753,902628
689,3613704,68684
633,3614177,81199
802,3615265,48109
1256,3621009,14338
458,3692690,143005
353,3710938,196935
654,3721015,76383
2091,3758216,746
1697,3767275,4006
1262,3783278,14178
1777,3810618,3033
1328,3826500,11449
1499,3826825,7278
2131,3845369,573
251,3854432,306771
849,3894841,41217
1626,3895313,4974
2319,3904944,16
1246,3911533,14639
986,3919296,28467
155,3956610,533749
988,3967087,28371
1670,3975832,4313
282,4010372,263076
921,4028460,33581
1210,4037445,15892
1823,4052524,2591
497,4059907,125953
281,4060868,263688
766,4074706,51353
1224,4076156,15318
734,4103061,58456
1937,4136278,1569
899,4160578,36180
117,4170312,695400
2069,4184131,873
1710,4196259,3845
1998,4202832,1262
1102,4208879,21277
1312,4212562,12184
1205,4213549,16055
1678,4215573,4218
1598,4227564,5423
2153,4243260,482
881,4265390,38336
1790,4271520,2947
1173,4286134,17285
103,4287646,778217
1562,4290798,5969
1192,4291569,16503
325,4323298,222156
819,4367334,45601
565,4392415,100163
2356,4403580,1
1972,4426809,1397
568,4440693,99273
181,4448793,460451
1533,4463989,6663
230,4474621,345012
674,4483134,73567
1751,4483907,3284
206,4489076,392603
1376,4520016,10195
1532,4522417,6665
2318,4523624,22
1985,4547149,1345
1116,4552852,20762
935,4560143,32563
1174,4596450,17278
129,4597869,631494
2177,4598954,375
1725,4604968,3697
1245,4605137,14650
1352,4610537,10793
2229,4618360,208
55,4623070,1337382
949,4625704,31803
2014,4646333,1177
1128,4649805,20045
2071,4671523,857
523,4694879,117379
1066,4699725,23299
1059,4702944,23908
328,4706285,220055
758,4728981,53790
1385,4751825,9928
938,4751874,32424
509,4765038,121658
376,4774537,181633
957,4784936,30936
422,4796670,160301
1759,4801670,3216
850,4866977,41186
147,4878886,581059
903,4887363,35620
1901,4891214,1875
806,4904468,47958
1848,4918335,2298
686,4937722,68871
1951,4943400,1502
1730,7437929,3637
2291,7452283,64
388,7495543,175933
1545,7502654,6323
970,7569179,29827
961,7571335,30487
780,7587840,49462
718,7597615,60460
1896,7626998,1922
2152,7632057,483
702,7658784,65114
2226,7664376,221
1314,7683705,12058
1717,7688946,3769
528,7693333,114296
1938,7694915,1568
461,7697139,142328
460,7701393,142651
1237,7709640,14987
23,7725772,2697872
526,7729742,115449
1978,7731521,1376
2039,7732576,1052
1923,7732928,1642
1123,7740726,20525
374,7744308,182329
220,7756855,366764
235,7765546,339797
244,7784423,317774
242,7794602,320543
1753,7807227,3275
2033,7844270,1084
45,7845625,1714391
197,7853246,415697
2099,7858104,705
1406,7859372,9263
1065,7898920,23399
2348,7904288,2
1061,7911630,23610
1432,7923552,8898
1613,7931524,5186
203,7933151,398149
1318,7938947,11947
1679,7944113,4200
1879,7950502,2032
703,7958223,64675
774,7964049,50394
1942,7977495,1559
623,8008687,83348
1820,8031669,2623
1769,8050182,3099
364,8061098,191443
1111,8068898,20963
1289,8104989,13087
485,8129844,134014
889,8156048,37496
891,8170414,37260
998,8175891,27778
573,8226535,96420
644,8242032,77869
2198,8246150,297
194,8346072,424608
341,8348797,205569
971,8351032,29816
1630,8384357,4941
1295,8420366,12919
609,8423392,87670
83,8426613,930550
1038,8434557,24902
2081,8437577,807
1768,8451898,3104
1934,8470698,1581
645,8493574,77510
146,8494499,583216
679,8499484,71865
719,8503116,60103
619,8511500,83978
2210,8514881,262
481,8572750,135882
900,8591220,35796
343,8610810,201326
269,8614914,281305
7,8625053,4633179
1756,8643678,3249
699,8652911,65757
2312,8663824,28
330,8724920,219227
248,8728227,310233
1763,8737096,3164
178,8748766,474518
1586,8761508,5591
417,8807265,163971
1104,8811596,21109
1960,8834537,1451
28,8872898,2492139
3,8886444,7826614
1930,8920047,1591
665,8924501,74829
1003,8942820,27463
1169,8954302,17462
1023,8960795,25927
724,8966722,59725
580,8999706,93593
2350,9006076,2
94,9022303,831091
1346,9024545,10882
932,9024993,32637
840,9046259,42045
2062,9049602,921
182,9050914,458300
1454,9054138,8247
1375,9064226,10209
1807,9069751,2769
1018,9071094,26325
342,9074586,204681
1801,9079039,2841
190,9083860,430558
1723,9088320,3702
1036,9111308,25042
1268,9117998,14109
180,9132843,464747
1916,9158573,1706
479,9175557,136075
1417,9177385,9185
2047,9179630,1018
2077,9201137,819
1945,9209406,1552
2332,9216534,10
1667,9218047,4331
48,9228583,1616269
1922,9235028,1650
1114,9235606,20839
1600,9239362,5395
1886,9239900,1993
1752,9247761,3277
947,9249362,31932
6,9256418,5100884
354,9257244,195694
1565,9259144,5888
2241,9264537,178
455,9281817,143861
1887,9284626,1988
833,9285448,43401
1398,9287359,9451
1688,9291703,4107
836,9319347,42793
769,9343197,50812
1007,9350347,27122
1253,9363759,14495
705,9374966,64064
46,9378928,1675432
1291,9395007,13024
192,9395496,427130
558,9399388,103693
522,9399859,117664
912,9411244,34546
2285,9416482,76
79,9417097,952262
1652,9429700,4574
1706,9438259,3873
1131,9442449,19630
2278,9456331,92
387,9459691,177577
2197,9460684,303
1323,9480753,11699
100,9481253,793703
414,9493975,164374
1223,9494870,15349
1029,9496553,25389
1448,9498770,8316
567,9504623,99483
1986,9510968,1322
2252,9516297,153
1856,9518859,2203
757,9519855,54438
771,9524292,50541
1147,9527107,18690
1716,9531648,3783
369,9534287,187811
168,9535255,495835
776,9536782,50222
1349,9540131,10811
106,9541931,744608
1956,9549215,1458
606,9549219,88259
781,9549341,49432
1229,9592666,15180
992,9615122,28190
956,9617347,30947
34,9618373,2019101
1523,9627794,6893
695,9638234,67883
1895,9651327,1927
2347,9651729,2
675,9653593,73293
299,9654427,251880
837,9656817,42581
2261,9663073,128
2299,9665111,42
213,9666398,379156
136,9669713,602435
2011,9680770,1193
1557,9682465,6020
939,9686498,32392
745,9692357,56637
35,9693542,2007474
1713,9696773,3813
487,9701948,132233
295,9702087,253950
1498,9703312,7311
2193,9706573,318
1549,9715377,6194
848,9715852,41438
2179,9722298,363
650,9722313,76678
1629,9725990,4944
1042,9726572,24796
228,9727669,346436
1152,9728514,18512
1615,9730076,5150
2205,9736646,273
218,9738438,375859
1606,9739122,5323
2224,9746606,227
1247,9747178,14627
62,9749870,1230525
93,9752583,833686
36,9754276,1996544
1811,9755423,2720
1661,9755467,4429
2353,9757086,1
649,9757309,76783
2085,9759264,796
289,9759917,258461
272,9762636,278725
1931,9764492,1591
1329,9769137,11442
2232,9772647,204
1372,9773949,10330
1002,9775625,27520
1832,9778158,2514
1170,9779589,17436
1650,9782602,4588
96,9793371,810566
1687,9793791,4113
643,9793949,78283
777,9795293,49986
1864,9795423,2147
95,9805916,830324
1148,9809443,18613
19,9811720,3049558
2082,9812061,807
1163,9816545,17895
2074,9816586,842
1612,9817877,5200
1301,9819033,12630
263,9821246,290085
355,9822692,195361
1,9824743,16825016
298,9825471,251925
556,9826695,103779
1554,9829584,6103
902,9836415,35632
2331,9836651,12
2125,9836909,586
1953,9837364,1477
1765,9842326,3159
1154,9846073,18245
1462,9850399,8058
584,9855111,92808
1932,9855604,1588
217,9856832,375953
1983,9857136,1351
30,9857153,2412828
1046,9863028,24643
574,9866869,95854
942,9867834,32191
1421,9872471,9085
727,9892686,59580
379,9905888,180464
349,9907450,198070
224,9907526,357838
283,9927865,262994
1583,9928760,5640
1573,9932496,5779
1117,9932769,20755
2185,9934518,345
1781,9937811,3016
1773,9943357,3066
122,9945152,675741
1709,9946792,3861
1486,9948582,7583
1427,9948696,9003
1651,9954918,4585
1503,9960123,7198
1891,9970636,1959
940,9971387,32344
1165,9971927,17755
2001,9972395,1248
2326,9977697,14
1071,9979288,22988
1150,9979858,18551
534,9980464,112526
1336,9980904,11176
798,9981214,48300
2109,9983610,640
1456,9984094,8199
2308,9991275,32
1900,9999203,1880
32,10004754,2152074
581,10006413,93424
400,10006848,172122
1363,10013820,10670
693,10015820,68220
578,10016824,94888
1560,10016871,5988
1120,10022424,20667
72,10022434,1073870
128,10025620,633859
255,10030348,303147
1208,10033324,15896
923,10034060,33186
8,10044793,4451979
1153,10049468,18376
888,10055570,37549
1158,10058992,18029
931,10062609,32653
709,10064149,63437
1418,10071221,9184
2330,10076749,12
1872,10078112,2072
560,10080689,102923
1676,10088588,4226
365,10096481,190661
859,10101460,40346
296,10103656,253058
893,10105370,37212
125,10105921,642173
999,10115392,27710
4,10117247,5511446
2151,10118289,486
991,10122429,28294
1157,10125449,18151
1330,10136329,11432
2150,10144642,489
1183,10146526,17082
513,10153655,120463
89,10155570,860574
47,10156877,1631938
2096,10157337,726
1450,10159601,8299
1393,10160085,9753
2215,10166307,255
451,10170847,145842
2222,10171689,227
2248,10175727,158
470,10179687,139418
1113,10183842,20880
1015,10184180,26608
1840,10185065,2395
2144,10186786,524
113,10188822,730926
199,10194357,411836
65,10223484,1138636
1653,10223699,4560
76,10235365,1019526
1275,10237688,13766
2027,10239126,1131
1524,10256288,6867
658,10257312,75514
2037,10265807,1058
1232,10271596,15089
142,10284554,589808
2329,10284836,12
865,10285895,39763
491,10288348,131276
1000,10288973,27669
911,10300814,34610
350,10308663,197911
1537,10308855,6465
193,10314871,426183
2124,10327092,591
2253,10328330,151
236,10330976,337584
1164,10331147,17779
697,10339643,67247
262,10345581,293760
318,10345680,229082
1011,10363882,26970
1733,10370714,3521
332,10372291,218287
1402,10404773,9389
793,10411916,48515
867,10413297,39593
1137,10413554,19265
1306,10416661,12455
114,10425053,724380
1087,10427048,22122
571,10432991,98378
2053,10434247,993
373,10442746,182938
238,10449559,329371
2030,10452473,1122
1623,10453800,5092
2204,10454394,278
1178,10458494,17216
1206,10466843,15905
1377,10471994,10179
1400,10474956,9417
1852,10475722,2277
1110,10479710,21006
920,10481783,33859
2270,10492145,102
357,10508058,194511
363,10508177,192421
1461,10514103,8125
1947,10516819,1531
1414,10523234,9223
753,10527075,55574
626,10558553,82475
632,10560963,81214
1576,10572533,5726
779,10577924,49568
1316,10579887,11970
82,10588557,935793
2243,10589564,174
22,10593665,2764729
1428,10595476,9000
1207,10596056,15904
1475,10599670,7756
271,10599981,279614
1360,10605812,10697
1681,10610027,4181
1636,10621950,4857
514,10625580,119973
842,10627241,41992
2156,10629576,474
493,10639056,130317
2058,10642994,963
508,10644867,121723
1910,10647336,1762
97,10648397,806479
156,10654945,530237
1517,10658077,6992
1624,10669541,5075
1888,10672399,1970
1124,10676513,20466
1812,10678541,2720
2113,10686092,623
1991,10689460,1286
1591,10690393,5561
681,10701310,71438
2135,10713552,553
2336,10723671,8
2251,10727316,156
2097,10735289,723
188,10735961,437587
959,10746676,30770
386,10748337,177624
1410,10752464,9240
1783,10756063,3009
624,10766406,83219
803,10768074,48081
457,10780030,143111
915,10781869,34190
856,10793521,40526
559,10799693,103326
844,10807416,41739
312,10816677,235526
1501,10823358,7208
415,10827033,164187
647,10827122,77044
483,10827927,134412
438,10828947,153681
2190,10832188,327
246,10834368,311719
1378,10839640,10118
1734,10852530,3517
18,10857192,3064530
1358,10866507,10720
1748,10878557,3342
44,10878628,1715372
105,10879701,757354
2188,10885782,327
1298,10889191,12801
196,10891965,416863
994,10892715,28147
229,10922522,345039
866,10930154,39626
175,10931110,479108
1792,10933786,2939
602,10936722,88444
2357,10944027,1
1982,10950898,1352
916,10952538,34133
966,10967029,30205
516,10971993,119356
1362,10972989,10689
930,10974614,32731
1508,10977709,7080
886,10987357,37642
1413,10995258,9228
471,10996554,139304
1189,11001646,16585
499,11007773,125754
535,11013293,112250
24,11015252,2646025
2098,11016469,722
2245,11017584,164
1621,11024396,5104
2024,11027940,1136
151,11031013,562200
2105,11033911,680
1732,11036879,3543
404,11037161,170224
403,11044048,171250
1186,11048056,16768
1543,11048328,6367
1471,11049082,7832
140,11049600,594779
2141,11052741,528
150,11053953,569941
807,11055813,47908
1203,11067376,16098
2087,11069917,762
2038,11075738,1057
2040,11079554,1050
1883,11079927,2002
579,11081905,93953
562,11089117,101415
1788,11091514,2965
770,11093157,50697
599,11111389,88779
1987,11114489,1321
688,11114674,68692
1581,11119147,5679
435,11119418,154389
1890,11121928,1964
33,11123488,2093773
141,11125816,594547
1310,11129033,12320
1226,11129135,15216
612,11136898,85829
71,11142409,1077204
1742,11142546,3414
1806,11154353,2786
1100,11154821,21416
1639,11156337,4777
1479,11156736,7710
219,11158797,369649
1648,11165325,4610
1738,11166958,3476
1867,11168411,2101
2244,11168576,173
2056,11173388,977
661,11173525,75167
2050,11177514,1008
1270,11179076,14048
1995,11181212,1280
148,11181835,580969
2063,11190358,916
2220,11191996,236
698,11194357,65791
1101,11198873,21316
1714,11201155,3793
1746,11202401,3400
1843,11202770,2379
2275,11203298,94
524,11203348,116668
682,11207522,71093
131,11208061,621032
1845,11210440,2359
708,11213712,63526
2158,11217090,465
2072,11218411,850
551,11219365,104310
1603,11222170,5389
2175,11223765,382
583,11225915,92918
525,11234824,115711
1228,11235109,15188
814,11235753,46361
57,11235765,1307613
972,11239209,29790
860,11241365,40302
546,11244468,107269
685,11245031,69425
2284,11245065,77
1034,11245157,25057
909,11245940,34626
107,11248730,741479
1469,11249921,7969
2214,11250122,255
1698,11251150,3994
582,11253437,92959
1436,11256005,8676
462,11256290,141043
406,11257617,167761
157,11258869,528126
804,11261818,48047
78,11262315,985318
371,11262342,185547
2247,11263030,163
25,11264344,2632782
261,11265120,293946
1505,11267484,7129
2314,11271843,28
728,11273727,59487
2191,11276118,326
179,11276765,470668
315,11278858,232313
2303,11279182,38
2233,11279806,204
1347,11279908,10876
1853,11284257,2236
1181,11287785,17179
621,11287875,83554
380,11289604,180270
1010,11291153,26996
1357,11291243,10740
202,11291502,401972
1924,11291922,1635
91,11292912,846325
712,11295245,61335
515,11297454,119678
929,11297966,32783
604,11300049,88295
1294,11301229,12935
2358,11301495,1
2300,11304640,42
964,11308181,30341
2338,11309079,6
895,11310706,36890
169,11311283,491691
870,11313797,39396
1069,11316156,23198
488,11317267,131800
1408,11317461,9247
1332,11319233,11392
1201,11320640,16246
1940,11327632,1563
1538,11327688,6434
2067,11327990,890
1127,11328432,20181
372,11328982,184321
919,11329728,33918
69,11329925,1080175
1439,11330092,8591
5,11330880,5276065
1761,11332326,3167
119,11332608,692758
165,11333080,502188
603,11334922,88367
659,11336298,75263
2108,11336348,642
2257,11337018,143
1214,11337880,15641
2002,11339439,1235
2206,11339973,268
384,11340252,178785
1847,11340315,2333
411,11340394,165932
616,11340438,84063
1588,11341866,5590
591,11342963,90531
2249,11345061,156
1434,11345108,8720
922,11345440,33484
2186,11345664,345
1903,11346101,1855
288,11346722,259983
2189,11346948,327
121,11347309,686691
184,11349228,454986
170,11349647,489609
1213,11350208,15738
1073,11350540,22876
1535,11352765,6637
1121,11356175,20598
495,11357935,128986
1242,11359067,14738
160,11361099,508740
726,11361466,59610
1659,11361839,4433
1611,11361860,5202
2106,11362242,664
1571,11362816,5799
368,11363242,187944
2016,11363340,1171
1741,11364013,3434
858,11364216,40353
1782,11366242,3010
1315,11368465,11979
1276,11369099,13746
618,11371577,83980
1433,11372349,8823
1785,11373143,3001
533,11373501,112681
1660,11375052,4430
926,11375133,33065
974,11376482,29507
910,11377047,34612
2127,11377256,584
370,11378690,186533
1090,11379864,21871
187,11380846,441144
1168,11381136,17512
874,11381205,39133
877,11381254,38605
92,11381544,845665
492,11381902,130934
319,11381913,228988
2035,11381925,1066
1231,11381976,15125
1422,11381978,9066
1429,11382019,8999
302,11382034,247610
2007,11382044,1210
1711,11382104,3836
2078,11382159,819
132,11382165,613741
2309,11382201,30
2051,11382209,1008
918,11382235,34046
2121,11382345,605
1122,11382491,20577
1145,11382564,18786
767,11382656,51030
2155,11382676,480
667,11382772,74208
314,11382832,233333
1497,11382866,7317
656,11382967,75788
1873,11382978,2063
2167,11383301,428
425,11385223,158782
1906,11385520,1804
2042,11385801,1044
1813,11386174,2704
348,11386359,198246
855,11386823,40675
878,11386852,38499
2262,11387768,127
54,11388060,1372102
1757,11388156,3248
1644,11388229,4719
1255,11388723,14457
952,11389514,31627
1103,11390345,21207
937,11392577,32519
174,11392673,480147
1830,11392794,2516
800,11393462,48179
1727,11395166,3677
2041,11395456,1047
2095,11395552,729
1236,11396080,15023
2169,11396732,414
2104,11397656,684
446,11398399,148607
186,11399884,444017
1048,11400101,24608
359,11400374,193802
1437,11400585,8662
346,11401036,199088
2073,11401104,845
1541,11401257,6387
715,11401704,60611
778,11401765,49774
1795,11402429,2908
2117,11402534,616
268,11403039,282550
1647,11406423,4614
433,11406499,155059
1760,11406701,3214
286,11406891,260267
1426,11406897,9022
1707,11406943,3871
1774,11406946,3062
1438,11406992,8629
1672,11407231,4304
1227,11407450,15211
52,11407471,1544780
2271,11407717,98
1690,11408297,4095
967,11408610,30109
944,11409561,32123
1919,11412252,1694
327,11412579,221763
1776,11413982,3037
1544,11414445,6349
334,11415644,216845
1835,11416196,2468
1927,11417097,1621
1472,11417919,7816
1064,11418149,23451
1297,11418451,12830
356,11422826,195205
687,11423926,68849
2138,11424186,535
1915,11427122,1717
66,11428054,1102262
1913,11428222,1751
2286,11428312,73
317,11429303,231605
1424,11429335,9028
2202,11429640,286
2083,11430151,806
1086,11431206,22163
754,11431898,55444
1736,11432212,3500
1592,11432672,5506
463,11434215,140827
743,11434294,57358
397,11434460,173697
1700,11434739,3959
1194,11435756,16459
465,11436304,139978
1865,11436476,2137
2163,11436854,444
1138,11438480,19254
969,11438689,29895
1431,11439645,8978
532,11440038,113293
1685,11440190,4130
657,11440705,75714
2334,11441354,10
680,11442303,71787
1062,11443176,23535
445,11444181,149244
454,11444819,144669
2181,11445177,361
901,11445493,35692
2116,11445613,617
265,11445756,287939
1060,11446239,23617
2094,11446460,729
118,11446962,694187
1635,11447293,4881
480,11447455,136054
2216,11447792,250
1568,11448058,5848
88,11448396,882320
320,11448573,228089
2211,11448827,260
955,11448918,31198
2282,11449084,84
630,11450354,81854
2,11450756,11984573
1032,11450838,25113
2119,11451302,615
102,11451374,781802
1525,11451737,6834
2258,11451772,138
472,11451823,139015
1526,11452427,6820
1642,11454219,4724
700,11454448,65562
1161,11454725,18010
1744,11455007,3405
2145,11455334,519
638,11456075,80400
124,11456762,649697
12,11456965,3925532
158,11457467,526939
211,11457481,381984
1617,11457524,5144
2274,11457530,94
20,11457531,2975422
424,11457584,159204
853,11457623,40710
879,11457627,38473
1067,11457651,23254
70,11457653,1080028
1693,11457669,4072
1325,11457755,11560
2089,11457850,754
2346,11457876,2
234,11457926,339811
1266,11457941,14154
1235,11458072,15032
1640,11458079,4757
634,11458220,80837
1772,11458222,3068
250,11458236,309504
588,11458312,91837
294,11458360,254647
1628,11458373,4965
1386,11458869,9884
293,11458939,256388
1485,11459072,7592
267,11459365,283656
1695,11459760,4020
914,11459883,34248
2231,11459959,206
597,11460459,89209
1929,11460639,1598
15,11460926,3233994
993,11460953,28169
869,11461417,39559
548,11461431,106438
1313,11461845,12091
1564,11462294,5907
1118,11462372,20737
496,11462437,128923
1460,11462520,8130
60,11462595,1284323
1876,11462618,2044
1416,11462671,9214
1072,11462697,22951
1705,11462827,3877
1704,11462986,3918
2325,11462988,14
1619,11463184,5113
1006,11463624,27215
838,11463662,42324
1674,11464104,4257
1866,11465178,2102
723,11465517,59799
520,11465522,118214
1387,11465711,9865
1132,11466012,19566
1076,11466721,22770
1729,11466831,3677
600,11466835,88696
1180,11467586,17197
821,11467915,45507
678,11467949,71958
2162,11467998,445
1584,11468218,5627
639,11468423,80349
1070,11469386,23052
161,11469703,508279
215,11470502,376696
1444,11470630,8369
2112,11471465,631
1654,11471959,4555
336,11472276,213724
2184,11472334,355
1826,11473615,2544
1743,11473653,3413
164,11473945,505065
240,11474044,321938
173,11474666,481951
396,11475150,173839
862,11475453,40059
189,11475486,431011
1004,11475608,27414
339,11475746,207715
732,11475894,58973
1222,11476128,15402
459,11476488,142818
1390,11477300,9814
2170,11477455,413
1453,11477901,8255
1112,11478139,20919
1974,11478452,1385
392,11479198,174949
306,11479363,244733
1793,11479384,2936
763,11479406,52387
2228,11480034,214
378,11480242,180493
846,11480530,41595
1162,11480590,17926
772,11480773,50533
664,11480775,74850
1579,11481109,5696
1045,11481794,24690
1423,11482080,9054
1430,11482082,8994
1415,11482104,9216
1950,11482122,1502
139,11482176,600508
1518,11482197,6966
1758,11482406,3245
711,11482451,61745
1175,11482513,17268
987,11482521,28448
2136,11482648,546
1425,11482751,9023
721,11482858,59927
1969,11482945,1422
1263,11483097,14173
1509,11483378,7075
1488,11483522,7545
586,11483589,92487
1754,11484364,3272
669,11484442,74160
851,11484748,40962
280,11484837,266417
1300,11484838,12668
205,11484955,392928
1374,11485150,10245
625,11485411,82864
1014,11485575,26647
857,11485584,40383
934,11485676,32581
2057,11485996,967
227,11486132,348568
1610,11486738,5215
885,11486742,37714
1027,11487393,25809
1344,11487405,10965
1551,11487482,6153
1342,11487627,11016
2015,11487784,1177
226,11488215,352403
1825,11489259,2559
1279,11489380,13582
1129,11489468,20017
1897,11489677,1900
1033,11489689,25092
1859,11489701,2172
1311,11489702,12295
1211,11489715,15830
985,11489716,28469
434,11489732,154516
701,11489735,65274
1722,11489754,3712
716,11489762,60504
1241,11489783,14775
1514,11489784,7028
1708,11489805,3865
1272,11490013,13824
2283,11490201,77
917,11490685,34056
1829,11490830,2519
1854,11491656,2235
254,11491843,303634
143,11491976,588887
1784,11492247,3007
554,11492559,104025
1821,11492602,2619
1078,11492683,22564
1529,11492706,6753
375,11492748,182185
407,11492922,166886
890,11493057,37304
676,11493248,73037
1946,11493450,1547
1817,11493824,2662
467,11493885,139718
2359,11494162,1
2324,11494228,14
1299,11494711,12769
1892,11494985,1945
58,11495131,1299680
1582,11495674,5667
596,11496463,89761
1836,11497547,2452
394,11498003,174409
1144,11498014,18846
1928,11500642,1601
572,11500927,97231
2068,11501109,884
1355,11501255,10769
2355,11501504,1
1441,11502163,8448
225,11503086,356260
423,11503260,159646
736,11503375,58090
1283,11503966,13280
1463,11504043,8053
1818,11504509,2643
326,11505569,221976
1646,11506153,4625
2218,11506329,238
1805,11506383,2808
1496,11508052,7337
1894,11508615,1932
670,11510101,74112
2166,11510123,431
1260,11510710,14199
260,11510891,294783
277,11511116,270585
115,11512291,710682
1473,11512907,7792
631,11512990,81616
973,11513446,29657
783,11513813,49303
2103,11513858,685
1084,11514070,22236
2043,11514504,1035
335,11514624,214591
1737,11515897,3480
1882,11516193,2004
977,11517797,29089
2194,11517971,316
1370,11518142,10386
505,11518205,122225
221,11518282,364051
1846,11518998,2336
847,11519073,41447
1190,11519127,16578
1880,11519668,2024
2182,11520119,357
608,11520408,88060
1230,11520517,15165
1028,11520529,25728
1411,11520662,9232
2009,11520855,1202
594,11521321,90215
1527,11522507,6811
1724,11522530,3699
748,11522830,56156
309,11523474,242303
834,11524051,42970
2281,11524392,86
813,11524768,47077
1482,11525054,7682
2203,11525104,280
1787,11525269,2979
1594,11525579,5457
2111,11526954,635
162,11527470,507994
545,11527583,107381
1088,11528469,21952
1341,11528482,11054
741,11528584,57603
1691,11528979,4082
1188,11529940,16669
430,11529945,157318
1321,11530161,11824
1249,11530722,14611
941,11531037,32282
110,11531081,740462
577,11531283,94902
1287,11532200,13208
1798,11532441,2887
1089,11534163,21944
1257,11534528,14298
1605,11534798,5374
233,11534880,342962
2100,11535206,695
1516,11535695,6998
980,11535784,28967
1075,11536783,22785
1850,11536813,2292
569,11537103,98942
1675,11537664,4237
1193,11538780,16465
482,11539154,134630
1384,11539270,9956
975,11539564,29397
896,11540057,36795
73,11540091,1058834
547,11540192,106665
159,11540201,517281
1875,11540346,2048
101,11541393,788357
826,11541854,44874
412,11541945,165029
2322,11542820,15
706,11543386,63775
1616,11544222,5146
791,11544449,48685
2161,11544821,450
1250,11545365,14589
1339,11545803,11080
636,11546443,80548
2126,11546878,585
209,11547498,386886
86,11547600,890934
2140,11547756,530
1828,11547807,2529
409,11548196,166276
204,11548217,393334
1771,11549408,3084
1058,11549635,23911
1589,11550183,5582
1530,11550625,6721
347,11551116,198731
733,11551548,58719
2055,11551551,989
360,11551707,193653
1701,11551762,3949
77,11552136,1003924
212,11552349,380006
500,11552476,124879
1559,11552630,5990
324,11552654,224010
1528,11553039,6791
1449,11553041,8306
1902,11554814,1863
502,11555025,123729
207,11555069,390745
291,11555653,257173
307,11555908,244468
191,11555999,428179
1502,11556119,7205
1656,11556123,4462
145,11556288,584116
216,11556496,376151
655,11556770,76381
2064,11556887,910
241,11556943,320783
854,11557083,40686
1478,11557293,7727
1366,11557310,10527
749,11557320,56144
529,11557742,114079
950,11557774,31727
2311,11557924,29
469,11557940,139450
835,11558171,42807
361,11558172,193260
1574,11558174,5744
1552,11558175,6129
420,11558907,162187
38,11559237,1874880
427,11559439,158069
1658,11559780,4445
1491,11560088,7487
823,11560245,45350
116,11560394,707922
1911,11560448,1762
1106,11560556,21096
166,11560604,499874
1335,11560641,11181
1380,11560873,10056
9,11561144,4091472
21,11561270,2962720
1209,11561567,15894
1844,11562033,2362
663,11562341,74878
1634,11562573,4924
968,11562751,30090
1827,11562759,2543
531,11562791,113683
1504,11562993,7147
382,11563297,179189
2048,11563379,1015
795,11563423,48501
1495,11563457,7390
1593,11563477,5466
2075,11563820,838
810,11563951,47709
2328,11563992,14
1420,11564072,9109
1464,11564532,8042
1483,11564558,7667
247,11564682,310247
1863,11564724,2149
811,11564788,47248
1819,11564971,2623
1492,11564997,7469
1989,11565077,1292
112,11565197,736591
2180,11565244,362
1225,11565306,15287
1680,11565557,4190
2168,11565677,425
541,11565768,108731
1531,11566051,6701
671,11566343,74016
10,11566345,3975110
1167,11566472,17579
651,11566546,76546
1465,11566571,8042
333,11567120,216971
2289,11567474,67
453,11567696,144705
722,11567759,59851
37,11568269,1925450
1271,11568289,13958
408,11568306,166500
1834,11568547,2469
185,11568691,445280
42,11568849,1743358
2327,11568874,14
1952,11568934,1483
1797,11569029,2890
1575,11569288,5729
2295,11569497,48
1955,11569640,1458
1703,11569649,3923
1280,11569675,13510
473,11569801,138798
801,11569915,48110
1308,11570339,12434
447,11570683,148528
344,11571058,200623
1274,11571192,13775
1196,11571201,16392
351,11571206,197417
549,11571712,105095
2143,11572230,526
812,11572407,47082
784,11572429,49183
163,11572829,506814
1005,11572860,27275
17,11573145,3164441
1671,11573152,4306
825,11573192,44957
1177,11573416,17236
1389,11573455,9817
1572,11573494,5791
266,11573618,285657
1412,11574042,9229
1869,11574091,2077
517,11574155,119228
828,11574189,44818
1172,11574196,17366
99,11574210,800255
2354,11574217,1
2004,11574287,1227
1326,11574304,11490
1959,11574409,1452
2013,11574447,1177
231,11574558,344434
56,11574564,1316186
1008,11574622,27067
1493,11574715,7429
1338,11574964,11138
752,11575018,55625
75,11575102,1025732
1458,11575192,8183
1351,11575213,10798
127,11575301,636522
1285,11575343,13240
2005,11575394,1225
641,11575557,78868
1726,11575572,3692
809,11575577,47711
2060,11575619,939
2018,11575667,1161
2196,11575679,304
1307,11575770,12435
785,11575815,49084
1849,11575848,2292
16,11575851,3209891
474,11575919,138076
1022,11575975,25938
1013,11576246,26736
2080,11576247,815
391,11576386,174958
1324,11576542,11688
441,11576580,150471
2201,11576585,287
951,11576664,31662
773,11576725,50440
138,11576982,601115
1302,11577025,12612
1234,11577029,15041
1200,11577078,16328
29,11577091,2426285
590,11577234,90746
443,11577273,150287
1764,11577438,3160
1467,11577536,7999
1394,11577590,9720
13,11577701,3812944
762,11577783,52908
1239,11577818,14879
437,11577828,153721
1487,11577836,7570
1149,11578026,18563
243,11578041,320069
2171,11578044,413
1080,11578090,22552
253,11578102,303992
401,11578185,171755
1580,11578228,5684
2320,11578253,16
1282,11578280,13333
1921,11578412,1678
561,11578473,101857
26,11578561,2620368
1024,11578588,25872
978,11578591,29046
410,11578716,166201
553,11578741,104033
152,11578751,561232
518,11578795,119133
760,11578854,53637
477,11578902,136701
273,11578932,276259
1511,11578954,7036
1455,11579057,8231
1340,11579280,11071
782,11579281,49307
598,11579326,88981
338,11579334,209229
1435,11579369,8682
2000,11579415,1250
696,11579549,67607
292,11579587,256990
367,11579693,189904
1337,11579752,11143
1052,11579776,24210
1016,11579844,26588
511,11579861,121189
61,11579940,1232581
476,11580006,136882
1694,11580080,4027
738,11580092,57702
195,11580154,417307
1219,11580185,15453
321,11580247,225976
256,11580251,301785
1607,11580303,5303
1292,11580306,12988
1631,11580424,4934
2293,11580434,60
1904,11580443,1844
1343,11580505,10967
1156,11580536,18175
1379,11580545,10105
98,11580546,801869
222,11580642,360146
210,11580727,385414
126,11580752,638288
864,11580759,39812
14,11580804,3342818
304,11580860,245786
1202,11580885,16210
1520,11580915,6916
1096,11581025,21488
593,11581040,90238
507,11581138,121748
444,11581164,149990
610,11581194,86524
1218,11581237,15454
1204,11581259,16065
519,11581301,118696
905,11581346,35427
904,11581397,35581
2025,11581406,1133
232,11581532,343351
484,11581584,134412
80,11581739,947391
358,11581774,194128
673,11581801,73762
316,11581803,232075
1625,11581812,5023
1789,11581822,2962
1320,11581861,11860
270,11581896,280839
759,11581944,53771
990,11581950,28349
276,11581953,271614
981,11581998,28938
393,11582012,174841
1447,11582057,8319
555,11582072,103923
1990,11582111,1290
1053,11582155,24140
1507,11582177,7095
1799,11582229,2872
49,11582289,1581368
352,11582311,197098
1480,11582378,7710
983,11582397,28689
815,11582516,45973
1522,11582550,6903
1490,11582594,7521
377,11582648,181591
627,11582721,82343
1637,11582843,4839
274,11582886,275035
120,11582897,687676
1031,11582959,25198
1261,11582989,14198
153,11583129,560146
1001,11583189,27554
1842,11583235,2380
214,11583256,378594
746,11583271,56441
1391,11583360,9776
629,11583396,82155
1119,11583425,20680
504,11583433,122321
53,11583490,1542901
960,11583495,30744
1861,11583526,2169
566,11583559,100137
201,11583666,403817
1109,11583677,21017
2021,11583722,1155
536,11583789,112138
963,11583808,30453
1159,11583848,18015
1136,11583875,19349
2267,11583940,115
1668,11583949,4330
245,11583974,316992
2209,11584022,263
2061,11584076,932
1085,11584085,22197
756,11584103,55133
1056,11584283,23975
1348,11584467,10817
297,11584509,252224
490,11584516,131454
1047,11584627,24633
817,11584687,45786
735,11584721,58196
1077,11584722,22725
830,11584774,43854
875,11584859,39102
730,11584945,59270
331,11584960,219110
1833,11585046,2498
1641,11585066,4746
264,11585108,288912
1682,11585169,4159
1452,11585279,8293
1051,11585343,24307
2195,11585408,310
1905,11585418,1827
1627,11585459,4966
1542,11585513,6374
530,11585521,113902
1240,11585589,14782
67,11585672,1102139
389,11585758,175830
550,11585849,104771
2012,11585862,1182
1166,11585878,17749
882,11586069,38121
542,11586086,108428
1244,11586087,14665
322,11586091,225367
2254,11586160,150
1382,11586177,10035
982,11586272,28714
1171,11586305,17410
81,11586351,943045
1269,11586369,14102
1778,11586391,3033
868,11586403,39567
731,11586480,59192
431,11586493,156594
329,11586508,220020
1822,11586516,2617
704,11586557,64642
466,11586649,139899
648,11586708,76851
543,11586745,107841
1971,11586750,1401
439,11586893,152738
303,11586938,246731
1317,11586972,11952
622,11587035,83490
1868,11587062,2091
1309,11587085,12328
1322,11587120,11705
64,11587125,1166514
564,11587146,101017
258,11587153,299765
822,11587228,45432
897,11587412,36729
2070,11587445,858
1609,11587446,5269
1353,11587448,10790
892,11587473,37228
1369,11587482,10470
1403,11587560,9369
1620,11587631,5106
74,11587672,1041612
301,11587673,247886
313,11587789,233759
1105,11587799,21098
183,11587842,454988
1278,11587937,13636
68,11587983,1094648
1567,11588001,5872
1049,11588027,24554
707,11588028,63608
1143,11588041,18870
109,11588044,740656
154,11588108,547065
662,11588134,74909
2026,11588143,1132
278,11588181,267117
672,11588182,73780
130,11588248,630193
1139,11588332,19196
1563,11588365,5914
2217,11588485,240
1553,11588495,6108
540,11588529,109047
521,11588546,117737
87,11588698,886891
1243,11588771,14724
595,11588826,89948
1936,11588879,1576
958,11588911,30843
861,11588974,40139
84,11588988,918129
2139,11588998,531
135,11589034,602591
666,11589035,74267
2045,11589113,1032
642,11589115,78485
794,11589156,48506
1506,11589290,7108
1720,11589302,3728
1590,11589311,5578
788,11589440,48850
2343,11589511,2
694,11589516,68078
615,11589531,84894
1973,11589619,1396
1443,11589719,8437
1108,11589744,21048
1838,11589751,2430
1977,11589753,1378
489,11589862,131568
456,11589875,143784
2090,11589926,751
2304,11589965,36
755,11589978,55242
1197,11589980,16375
607,11589982,88182
906,11589985,35207
764,11590051,52170
1893,11590126,1940
1399,11590144,9419
824,11590168,45219
284,11590190,262784
419,11590200,163226
1037,11590210,24934
1057,11590341,23945
1692,11590353,4074
1020,11590375,26208
510,11590429,121231
1988,11590505,1306
287,11590521,260130
177,11590538,474547
1135,11590545,19419
448,11590561,148110
133,11590604,610437
1666,11590607,4338
176,11590616,476727
249,11590652,309901
1677,11590711,4224
786,11590726,49062
925,11590775,33120
1796,11590813,2898
275,11591055,274312
527,11591072,115355
1699,11591105,3991
965,11591117,30222
1254,11591137,14465
742,11591168,57556
1968,11591199,1423
1803,11591230,2820
1585,11591266,5611
933,11591290,32604
2031,11591302,1090
1686,11591308,4116
1494,11591347,7421
1030,11591426,25294
1786,11591438,3000
416,11591449,164143
426,11591460,158276
2006,11591567,1216
544,11591662,107444
1810,11591708,2737
1561,11591715,5986
1712,11591744,3831
1566,11591751,5880
1513,11591763,7031
1155,11591764,18177
628,11591850,82176
539,11591889,110230
1392,11591922,9762
311,11591936,239177
2019,11591964,1158
1547,11592007,6282
829,11592066,44364
962,11592122,30470
1767,11592134,3123
1546,11592136,6300
2032,11592197,1088
775,11592213,50346
418,11592220,163502
575,11592264,95563
398,11592343,173223
841,11592376,41995
395,11592381,173858
1446,11592399,8341
747,11592402,56226
440,11592420,151548
305,11592485,245304
1515,11592494,7003
691,11592499,68500
1578,11592517,5709
1445,11592573,8353
2288,11592625,68
797,11592675,48369
2134,11592738,554
111,11592841,736867
1195,11592888,16430
259,11592903,297224
2187,11592922,333
765,11592964,51564
557,11592976,103759
436,11592980,154052
2192,11593052,325
2129,11593081,580
1645,11593082,4665
1877,11593094,2035
442,11593101,150406
538,11593138,111287
1397,11593173,9498
1874,11593178,2061
1556,11593183,6056
2008,11593185,1207
1766,11593187,3125
576,11593240,95015
1878,11593277,2033
1476,11593306,7753
2212,11593346,256
924,11593398,33147
1233,11593404,15083
1925,11593412,1634
1649,11593446,4596
208,11593449,389389
1540,11593476,6416
2269,11593485,108
2160,11593489,452
498,11593498,125942
880,11593500,38422
310,11593535,240476
2172,11593552,406
2165,11593620,432
1976,11593621,1383
1212,11593673,15789
2022,11593704,1143
1800,11593711,2858
887,11593750,37561
1632,11593777,4929
290,11593779,257352
1794,11593881,2928
279,11593902,266892
637,11593969,80480
1745,11594014,3401
799,11594069,48248
2146,11594074,515
908,11594086,34861
1755,11594117,3258
1791,11594133,2941
432,11594169,156009
936,11594205,32527
996,11594257,27930
2237,11594283,192
1251,11594336,14550
729,11594367,59417
1984,11594390,1346
2054,11594408,989
1151,11594446,18541
792,11594462,48567
635,11594485,80590
1622,11594600,5094
2287,11594658,70
620,11594663,83622
997,11594672,27908
1740,11594677,3468
1939,11594678,1565
1288,11594709,13181
1608,11594742,5303
1841,11594758,2381
1643,11594760,4721
2208,11594775,265
1884,11594803,1999
1941,11594810,1562
2255,11594892,145
1094,11594902,21613
927,11594976,32997
690,11595022,68504
898,11595040,36662
1935,11595043,1580
2273,11595227,94
1780,11595251,3025
1775,11595258,3061
1992,11595321,1285
1345,11595331,10902
2137,11595383,535
1290,11595492,13079
345,11595513,199906
421,11595536,161558
383,11595544,178866
123,11595580,657228
1839,11595608,2408
761,11595618,52962
617,11595619,84024
668,11595623,74191
1665,11595657,4354
2034,11595721,1080
589,11595724,91500
863,11595728,39874
1179,11595742,17207
2066,11595747,892
1633,11595748,4928
1684,11595769,4136
1683,11595779,4136
1721,11595832,3725
1082,11595853,22418
2079,11595871,817
1948,11595976,1522
2122,11596092,601
503,11596094,123196
872,11596135,39150
1407,11596143,9252
1093,11596163,21651
2268,11596172,113
805,11596176,48017
1747,11596244,3396
884,11596252,37791
1669,11596256,4326
1440,11596267,8566
808,11596284,47870
750,11596406,55841
1871,11596470,2076
1860,11596490,2170
989,11596587,28365
1356,11596708,10758
984,11596730,28637
907,11596757,35040
1259,11596789,14200
1281,11596822,13417
1512,11596876,7035
1862,11596879,2166
2219,11596880,237
1702,11596886,3934
1816,11596892,2668
1614,11596957,5180
1855,11596987,2232
1570,11596988,5808
149,11597018,573238
646,11597027,77112
1981,11597059,1357
2110,11597077,638
478,11597097,136590
692,11597101,68354
1115,11597180,20788
1889,11597192,1968
1142,11597193,18939
1221,11597197,15404
1146,11597308,18715
1388,11597377,9843
1160,11597492,18010
452,11597507,145262
1334,11597517,11208
725,11597518,59668
2263,11597592,125
2352,11597746,2
552,11597759,104234
1396,11597775,9570
1719,11597785,3760
486,11597795,132925
739,11597852,57702
2250,11597858,156
1962,11597890,1443
2092,11597901,742
1220,11597989,15416
2259,11597996,138
2225,11598014,226
494,11598015,130154
954,11598146,31256
1484,11598173,7616
1361,11598174,10693
943,11598185,32189
1815,11598200,2693
1176,11598248,17266
2101,11598256,689
1130,11598277,19795
843,11598296,41871
1095,11598403,21581
1303,11598416,12611
1304,11598473,12585
570,11598511,98428
2280,11598522,87
1041,11598527,24844
2335,11598597,10
2239,11598605,182
946,11598630,31977
1933,11598654,1582
464,11598678,140653
1026,11598689,25829
2093,11598722,738
1673,11598757,4303
737,11598763,57719
1597,11598829,5429
1199,11598925,16343
257,11598987,300906
1019,11599128,26288
894,11599185,37151
399,11599248,172333
1917,11599283,1703
475,11599394,137820
1718,11599397,3766
2183,11599415,356
1885,11599418,1996
787,11599470,49038
1604,11599494,5379
976,11599503,29254
1264,11599606,14161
2307,11599684,33
1949,11599735,1517
945,11599739,32051
2337,11599742,8
1098,11599789,21473
308,11599792,243521
1599,11599850,5417
172,11599873,483153
1371,11599899,10374
1265,11599927,14157
1728,11599930,3677
1133,11599950,19543
2313,11599980,28
2310,11600000,29
1539,11600019,6425
1808,11600078,2754
832,11600114,43668
2213,11600132,256
1870,11600161,2077
979,11600171,29013
845,11600220,41733
2157,11600268,466
1296,11600280,12868
827,11600315,44837
1944,11600344,1553
1489,11600375,7534
2028,11600469,1127
790,11600507,48811
2049,11600509,1015
1333,11600720,11338
2149,11600722,490
2178,11600729,372
1068,11600742,23203
1277,11600752,13644
1217,11600755,15462
1750,11600760,3305
1215,11600762,15608
1092,11600766,21743
2236,11600771,196
1039,11600801,24892
1975,11600856,1384
1881,11600974,2008
2148,11600984,493
683,11601043,70778
1470,11601072,7952
2159,11601125,462
1979,11601139,1373
2059,11601165,951
2174,11601173,391
2221,11601206,235
1468,11601213,7997
1481,11601294,7694
2264,11601297,124
1097,11601303,21484
1273,11601339,13802
2265,11601342,119
1364,11601346,10649
1696,11601348,4007
2340,11601354,4
1500,11601364,7230
2065,11601367,900
948,11601392,31867
1198,11601401,16373
2154,11601432,480
1601,11601448,5394
953,11601489,31589
2323,11601536,15
1395,11601555,9599
1054,11601558,23995
1914,11601598,1737
1966,11601632,1433
2260,11601653,130
1466,11601660,8021
684,11601686,69895
2294,11601725,53
2147,11601771,494
2102,11601785,686
585,11601804,92688
2173,11601816,397
2052,11601827,1000
1918,11601835,1698
1963,11601862,1441
2120,11601925,610
1126,11601949,20229
1293,11601975,12957
1510,11601977,7063
1779,11601989,3032
2277,11602001,92
1451,11602066,8299
1739,11602078,3474
2118,11602112,615
2164,11602143,437
1248,11602165,14624
1996,11602514,1278
1125,11602537,20369
1383,11602549,10015
1837,11602638,2434
1107,11602703,21077
2305,11602729,34
2046,11602735,1030
1920,11602823,1679
2306,11602826,33
713,11602857,61076
2227,11602862,220
2230,11602880,208
1134,11602890,19462
1663,11602905,4404
1909,11603058,1775
2341,11603166,4
2199,11603540,292
710,11603763,62063
2297,11603884,44
2130,11603885,577
2276,11604221,94
2256,848858078,144
2207,848882576,265
871,848882638,39317
1367,848882640,10522
1689,848882790,4104
2240,848883785,179
2272,848883809,97
1550,848883866,6180
1655,848883909,4530
2279,848884080,91
1731,848884096,3615
1970,848884260,1421
2292,848884336,64
1044,848884403,24690
1558,848884616,6014
2200,848884959,288
1009,848885067,27033
2123,848885297,600
2003,848885700,1235
2020,848885909,1156
1595,848885923,5436
2296,848886136,45
1555,848886212,6073
1980,848886329,1364
1182,848886331,17170
2235,848886412,201
2298,848886826,44
2315,848887218,27
1965,848887783,1435
1074,848887809,22795
2333,848887831,10
2234,848888005,204
1012,848888470,26847
1824,848888588,2588
2115,848888822,621
2044,848888890,1032
2088,848888908,756
2344,848889050,2
1457,848889153,8197
2238,848890196,182
1954,848890255,1462
2086,848890722,781
2114,848891096,622
2321,848892655,16
2349,848893121,2
2316,848893524,26
2246,848893933,163
2223,848893951,227
2342,848894027,3
2345,848894464,2
2351,848894641,2
