24949,FeudalKnight,0,1,111,2227
69313,DarkF%40rce,363,1,539,1749
70886,coni,22,1,2316,1162
72991,nemilosu,4265,1,95,2266
74046,jstblv,2395,1,36,2349
74746,Sharky+White,0,1,36,2350
76535,lucky+charms,4052,20,90486,291
87485,DrDeath,0,1,275,1992
91013,Gold+Disk,3200,1,36,2351
103021,Quo+Vadis,2212,6,19089,597
104036,dirtypunk77,0,1,190,2105
110622,wannat8,0,1,535,1746
131000,aurelian74,1115,76,499725,94
167140,knights2s1,3128,8,25764,524
172156,lonely_girl,0,3,3993,951
173683,PA4ANGA,0,2,2042,1212
174990,Nile_Death,2206,1,177,2128
198577,orsamannen,366,1,429,1824
200637,XxdarkwarxX,38,1,274,1995
218809,ismaild05,4063,1,2504,1111
221076,camarasa,4073,1,1397,1393
236991,bonestar,2094,8,40496,432
241332,Peterale,38,1,882,1580
250592,arjay52,3384,6,16956,625
260876,daedra45,3120,5,23351,543
262425,rregada,1519,1,365,1884
267865,KingArthursGame,14,1,3406,989
268872,TheCreep,2428,4,12360,683
279833,blackdream,0,0,0,2559
280498,voievode,52,1,1595,1326
295183,1290,14,1,290,1970
302610,rodjohn,3376,1,4226,933
307775,ganesh1,0,0,0,2560
309425,kabatas,3647,3,6826,813
317653,lipps73,52,1,1804,1267
322742,sami+protiv+svih,0,1,620,1698
332069,bubbucchio,0,1,7327,799
350372,dandan347,0,0,0,2561
356754,mesho83,1402,1,3944,955
404736,sim832005,3196,1,2958,1038
410642,CABOKING,1735,1,1215,1459
422386,virjimmie,4282,1,6675,819
444149,ogrea,0,1,124,2213
445112,Daredevil+MephistO,0,1,588,1723
450223,Mr+Blood+Frenzy,4249,2,11847,691
472125,heartbeatracer,4063,5,11399,701
480271,wider5,204,1,325,1922
524468,Elmars,4077,6,28810,493
530168,Haday,2011,1,6552,827
530183,razorwireA,479,91,607544,73
531357,gasetr,2650,2,6890,811
541223,norative,3984,1,4287,928
559747,TribeTuner,648,1,1409,1387
560786,Krissy,38,1,93,2275
568199,joehor,0,1,261,2016
570362,clandras,0,1,459,1801
578878,dirtydogman,3875,11,34373,461
584532,kalix111,526,204,1872921,13
587399,Sazerac,3805,1,5675,861
590952,BZguy,3128,26,148313,217
599352,hatuey,3505,8,29833,487
622676,makobex,122,155,1208041,28
634372,voyage3446,437,1,1577,1332
672149,Temuchin,77,1,1847,1259
677298,Gelimar,328,1,1681,1301
693297,Tenchi0110,644,1,2723,1075
693992,milos100janovic,3903,1,4504,908
735845,ThorBolt,0,0,0,2562
736490,King+Sid,2603,1,8432,764
738909,Lady+Mihaela,2767,5,26200,521
824913,zytech,3265,16,80261,305
838821,Mighty+Thor,264,1,1549,1346
848612,The+Mighty+Jhun,328,1,910,1566
925041,matt+rider,0,1,36,2352
966781,Amnesia+bs,1337,56,449335,105
982025,baggerzooi,0,3,9299,743
985801,LoMein,0,1,1074,1498
987964,Predsjednik,0,4,15078,651
1011474,teamsaint,4062,1,887,1576
1041221,jmslklcs63,0,1,3619,975
1047404,cocodelish,9,1,281,1984
1053865,gemadar,3674,1,173,2129
1075262,alinloner,0,1,731,1646
1104781,djmee,0,1,36,2353
1139841,Baby+Yoda,1337,104,877002,48
1160101,bigstu,2262,1,2254,1165
1160381,DaPinkMaster,469,1,506,1769
1191124,boomerknight,0,1,814,1611
1241525,kraggo,363,1,414,1848
1266205,biff+bonzai,2206,1,773,1629
1267375,Moridae,0,1,101,2245
1271696,rickieboyo,2544,45,349030,121
1307800,Rider09,0,1,781,1623
1338392,gimily104,699,0,0,2563
1421877,Duke+Crash,3875,3,7921,782
1423290,dawodus,2834,2,11844,692
1427030,Ming+Emperor,827,3,4733,896
1443996,super-nanny,77,5,27630,503
1448920,DeePDaRkNeS,0,1,1397,1394
1468706,reinhold175,30,1,697,1658
1475172,khuram13,0,2,4737,895
1481014,JHot,0,1,303,1952
1484256,Osiris1000,3265,1,825,1607
1529820,sigley89,0,1,2476,1115
1543676,Emilio+Aguinaldo,1787,56,422070,109
1552813,Yo+Yo+Hakusho,0,0,0,2564
1581217,Randalthor78,473,1,778,1625
1593245,mummybear,3376,1,4553,907
1602195,emomessiah,58,1,956,1545
1616601,fatboy24,0,1,1301,1429
1689189,ARBEMAKA,645,1,274,1996
1704209,Jennie+Kim,2544,42,347213,123
1707285,wolf22,204,3,9502,739
1714321,super+kevin,645,1,386,1864
1766316,lyoko590,551,1,2590,1097
1767836,ArShalvl,0,1,279,1985
1776976,waynoc,4042,11,44103,416
1783519,Rurik+I,38,1,1096,1493
1797514,JOSEPHINE42,0,1,221,2061
1804063,queslett,610,1,1951,1230
1846025,Joe+2,674,1,258,2023
1853684,vanable,1238,1,1371,1401
1883794,CyberEcho,8,10,29661,489
1892977,Savra-the-killer,8,8,26572,516
1902556,pluta,0,1,263,2014
1907978,Kradmoon,0,1,334,1915
1935054,robby963,0,1,193,2100
1958829,Lord+Chilum+The+Wise,0,0,0,2565
1967835,lukita8888,4275,1,328,1919
2010976,catehill,0,0,0,2566
2022011,rasher3,0,1,2193,1176
2024771,jimbo634,4099,1,1475,1368
2066545,davidbaxterkuhn,0,1,1866,1254
2095389,alanb,3167,1,2392,1133
2099403,BlueCelticPagan,1115,55,469008,100
2101409,mikeyman89,2767,58,296916,133
2103159,Clamath,1337,225,1924363,12
2103446,salutetheflag,610,1,1615,1321
2119345,cristian-fernando,0,1,1181,1473
2143368,matbrownsguy,2859,15,83376,301
2183276,changlok91,3066,18,105404,263
2205177,chibi13,4287,16,85608,297
2252656,Dr.JoseRizal,1308,18,114065,254
2312922,Desperado22,2365,34,282262,138
2327672,Hells+Toy+Master,0,1,1868,1253
2340579,sawali123,2842,2,9511,738
2355594,Survivants,2544,33,257105,146
2378785,louis18,0,1,36,2354
2413228,nurab1,0,1,1363,1405
2492175,Julius-Caesar,479,127,983608,42
2492628,PyroKing51,0,1,961,1554
2529286,sage69,438,1,6654,822
2573942,tibor2k3,4077,8,37981,439
2624715,lchenao,0,1,192,2102
2624751,billadi66,8,21,132421,231
2628162,funnyrabbit,2505,1,1715,1290
2629845,tinty14,0,0,0,2567
2641078,kjpker,2767,28,192840,182
2689275,lildudealex2,4108,1,5258,871
2690692,Zgobituary,648,1,1745,1282
2741955,alright%3F%3F%3F,0,1,2049,1209
2762474,aliskater,0,1,1162,1476
2764142,Sgt%40Arms,0,1,2266,1158
2774316,rohan321,0,1,634,1690
2815710,colettetl,0,1,36,2355
2834599,truenight,4099,1,1797,1271
2859033,referee6,8,0,0,2568
2861935,blah99,2797,0,0,2569
2894315,dazza34,38,1,575,1729
2896896,Krater8,3647,1,172,2130
2900891,kinggong,0,1,4244,932
2928875,jorriel19,1088,1,421,1829
2948330,yamagoya,38,1,2706,1079
2951071,haniorni,328,3,24483,535
2969476,swarfie,21,3,3133,1020
3016894,hellsjester,21,1,3188,1014
3081606,dekni0,519,13,75849,312
3084923,Alpha+and+Omega,4207,1,869,1600
3090165,jlarry,793,1,1532,1353
3111486,MALAYA2008,0,1,36,2356
3112318,nj2008,0,1,36,2357
3118342,Cokeman84,1849,2,6246,843
3123107,3+Swinging+Ducks,2968,0,0,2570
3139679,heatz13,0,1,385,1866
3164027,AceZSpades,122,241,2017054,10
3167251,kenk124,793,1,387,1862
3175892,GunShift94,0,1,377,1876
3221969,AimBots+Here,112,104,763666,59
3247726,alysonj,4063,7,20908,577
3296113,webbldr,4184,4,6923,810
3323257,CaptainG,648,1,1710,1293
3349541,God+Of+Thunder,112,124,992014,40
3367007,syafiq4,2165,5,13342,672
3369101,123bball,0,1,98,2257
3369505,saldajeno86,0,10,31958,479
3374204,YeOlde+Raven,2808,5,17894,615
3386896,von66,4077,17,74044,317
3388150,shadowy96,4215,1,36,2358
3409134,stormarack,3465,1,645,1684
3416130,kibkibalot,3476,0,0,2571
3442394,WildManOfBorneo,988,1,337,1912
3456477,cafrat,2152,1,994,1528
3475391,acidmanmk,2212,4,8772,754
3477401,Varda94,0,1,392,1856
3518434,NavyCIS,0,2,8938,750
3536735,gl17,3376,5,8721,755
3542945,Greg+Stephens,2667,1,381,1870
3546174,eaglesfan56,2395,1,279,1986
3560634,mfk731,0,1,106,2238
3565238,PrincessKats,3505,8,38869,436
3577074,Bossman06,9,1,779,1624
3583969,Muffballs,1787,39,234400,157
3610753,valtheran88,3066,9,57276,364
3613704,manik.tandon,3066,28,149319,216
3614177,Sandeep.kul,0,1,161,2147
3615265,red.scouser,0,5,17976,614
3621009,caicedojo,0,1,1250,1444
3692690,Chaka+Zulu,0,1,6667,820
3710938,TJB206,2165,0,0,2572
3721015,Korban6,0,6,23310,544
3758216,Zeddy+Le+Mange,2859,60,232843,159
3767275,chadders2865,64,1,1020,1521
3783278,SHKIMKOR,645,1,783,1622
3810618,webeme,2094,11,50814,389
3821898,EKTORAS27,204,1,189,2107
3826500,bramley3,744,1,374,1878
3826825,Papa+Spider,9,0,0,2573
3845369,Faabio,60,1,228,2052
3854432,kurkure,21,1,3204,1012
3894841,cappy1,699,1,221,2062
3895313,UnDrugo,3952,1,245,2038
3904944,DEMONREIGN,0,1,83,2297
3911533,changos,2544,12,58555,360
3919296,scarlett-maiden,122,78,598977,77
3922235,LitSpear,0,1,94,2270
3927048,damion256,0,1,60,2323
3956610,Sir+Romit,4292,1,241,2044
3967087,chrissy24,377,35,256771,147
3975832,delemma,9,5,15792,640
4010372,animaldude37,2842,3,9554,736
4028460,paparucino,2105,5,15291,646
4037445,mlinder,0,1,1812,1265
4052524,tintin82au,443,17,92497,283
4059907,champ+of+the+world,0,1,1047,1510
4060868,-Fac-,112,175,1370958,26
4074706,MehCooky,3474,0,0,2574
4076156,wardondon123,1443,27,212413,172
4103061,antonthemeff,0,1,327,1920
4136278,Sir+Anthony+Raymond,0,1,619,1699
4160578,dazeb,1477,1,2331,1146
4170312,RaCK,2094,50,433852,108
4184131,michael+king13,0,1,1720,1288
4196259,ChuckMan,2642,1,974,1538
4202832,vrgoles,0,1,1194,1465
4208879,Berlyn,4181,1,2051,1208
4212562,SteveP,0,1,1423,1385
4213549,lykorz,665,1,357,1892
4215573,RONNY+HO,3076,0,0,2575
4225622,Slimonize,0,1,398,1850
4227564,rron7pam,0,2,5591,863
4243260,maravak,4269,1,1023,1520
4255041,Witch+Hunter,0,1,36,2359
4265390,sosher,4180,1,2400,1132
4271520,theoneeyed,648,1,3858,961
4286134,cemgil1996,2212,9,33545,464
4287646,SIDEWINDER2966,3004,0,0,2576
4290798,Tashi200,3781,1,372,1880
4291569,bullfrogs,610,1,261,2017
4323298,GLADIATOR,1337,69,519128,90
4367334,Garone.,0,1,1190,1470
4392415,T+bone+steak,1337,279,2444222,5
4403580,simonclue,0,1,36,2360
4426809,ASPIS,0,1,1636,1312
4440693,chaos69,77,4,19554,591
4448793,Inspiired,8,2,7306,800
4463989,Aberama+Gold,2094,6,33435,465
4474621,Soccerj7,1337,72,539207,87
4483134,lamigra,9,1,2473,1116
4483907,WOODBUG,486,1,1191,1467
4489076,ugtheold,21,6,19960,582
4490003,POTTER-HARRY,0,1,163,2143
4520016,Heinekens+Law,4282,0,0,2577
4522417,ZEEWAD,266,1,1991,1222
4523624,Chuunks,4283,1,1408,1388
4547149,xXPeaceKeeperXx,4077,7,44769,413
4552852,franky22,0,2,1552,1344
4560143,Daddy+Ashen,122,63,379542,116
4590066,stue222,0,1,186,2115
4592307,noooool,0,1,99,2255
4596450,black.lily,4283,1,1743,1283
4597869,YOKOZUNA,8,17,141996,223
4598954,qazxsw2,0,1,166,2137
4604968,randman24,4052,7,25153,530
4605137,nickdaddy,3875,8,25343,528
4610537,kordan,2395,1,3368,996
4618360,aleks2,2964,6,18750,602
4623070,grim+reaper.,1337,201,1809028,15
4625704,Koallar,0,5,9518,737
4646333,The+Dyslexic+Knight,0,1,107,2235
4649805,beetonboy,0,1,3311,998
4671523,babyblue122,0,1,610,1702
4694879,kennedy9,2122,2,2941,1041
4699725,Sire+Rick,0,1,302,1955
4702944,Doctor.PHIBES,3541,1,2740,1068
4706285,Hidden+Blade,112,84,796583,56
4728981,zanman85,104,1,2649,1086
4735412,supernero100,3786,1,199,2092
4751825,tim09,443,21,109378,259
4751874,AK+A96,0,1,36,2361
4765038,mcmillan,101,1,6605,823
4774537,Castello+GV,479,33,228591,161
4784936,johwin,4211,1,1112,1488
4796670,RohuLible,248,2,6467,832
4801670,guvner,699,1,1041,1515
4866977,Elena+del+Arborleda,204,1,317,1939
4878886,Winchy232,0,1,36,2362
4887363,chrisllan61,1260,0,0,2578
4891214,jfrans,204,1,1172,1474
4904468,Robdudda,648,1,1616,1320
4918335,CELTIC+CROSS,519,13,46433,410
4937722,scone99,3548,0,0,2579
4943400,DonNorman,38,1,1252,1441
7437929,ciaran1,0,1,1575,1333
7452283,nadrojalpha,0,1,1558,1348
7495543,jackocracko,0,4,19115,596
7502654,kittykhate,9,1,4094,950
7563491,ramy+sawan,0,1,101,2246
7569179,SKIN71,0,1,3636,973
7571335,Queen,3875,2,6561,826
7587840,lordjer61,9,1,262,2015
7597615,Doublespeak,0,1,2859,1051
7621133,D3aThIr0N,4280,1,36,2363
7626998,studmonkeyus,0,1,1357,1407
7632057,tbone2010,3384,4,24073,536
7658784,billyboboh,2354,0,0,2580
7664376,crazylegs123123,1866,3,8002,778
7683705,habe41,9,1,3272,1003
7688946,mehr,0,1,221,2063
7693333,lord+widener,1082,3,8805,753
7694915,Cu+Roi+Mac+Daire,0,1,3705,969
7697139,psunitlions1,903,26,171592,194
7701393,renshi+p,122,69,601904,75
7709640,tw277,2642,1,386,1865
7725772,Hugh+Hefner,2258,58,404562,112
7729742,elej,1308,7,36723,445
7731521,Geoff+Knott,0,1,484,1781
7732576,misteralb,0,1,416,1833
7732928,Sir+Lancelot+2,0,1,1666,1317
7740726,Bearcub1,903,42,266008,143
7744308,MeaningLess,122,212,1714753,17
7756855,jupp,112,83,614722,71
7765546,beebetter,377,157,1386805,25
7784423,kingjay321,122,98,689099,66
7794602,snofis,0,2,4459,913
7807227,Lady+Gemini,363,1,1092,1494
7844270,frazbo,9,3,11566,698
7845625,Omega+Ork,479,69,588935,78
7853246,phildoggg,3021,2,8474,763
7858104,Ash195,0,2,8533,761
7859372,Mystyryes,903,9,51241,386
7884417,DoubleBurger,0,1,36,2364
7898920,sujen,3675,1,2761,1065
7904288,trek373,4181,1,596,1712
7911630,NiTeYoDa,2859,27,113476,255
7923552,Cered,2603,10,36699,448
7931524,leicestershire,0,1,2189,1177
7933151,Sparrowman,0,1,3903,957
7938947,Lady+Madelina,363,1,206,2083
7944113,OeimasO,0,0,0,2581
7950502,atary101,0,1,1392,1398
7958223,bremem,363,1,2082,1196
7964049,whyestar,4282,1,2728,1073
7968146,rifat123,0,1,111,2228
7977495,cavignesh,381,1,1320,1422
8008687,sirestoner,0,1,547,1747
8031669,Baldrof,0,1,1042,1514
8050182,frezo60,0,1,36,2365
8061098,maddrick,1070,59,327657,126
8068898,spero15,443,71,546113,82
8104989,crazedtwinkie,574,2,6683,817
8129844,RazorBg1953,2206,1,365,1885
8156048,wolf.ic,204,1,406,1844
8170414,Ezio+Auditore,0,1,36,2366
8175891,BELI-GROM,0,1,1470,1383
8226535,mudbug,1787,78,542040,85
8235085,R.E.S.D,0,1,812,1613
8242032,Richardthesix,60,1,3095,1025
8246150,Nehustan,0,1,473,1790
8346072,ArthurDent33,77,8,25760,525
8348797,penetier,0,12,54824,375
8351032,dub17,2639,1,513,1767
8384357,Sadness,3066,14,92180,284
8420366,Smoked+Out,0,9,60331,353
8423392,mateski,2105,13,49907,394
8426613,irfanash,0,1,1963,1228
8434557,sir+yesmar,4210,2,1716,1289
8437577,musketeer89,3128,7,23292,545
8451898,dumbbeatnix,0,1,5092,880
8470698,lynnielu,0,1,93,2276
8493574,matrix22x,519,11,47715,404
8494499,BETHSADA+THE+GREAT,2258,14,65648,334
8499484,a.K.a+elmoo,122,88,762382,61
8503116,cheesyjet,0,1,2155,1182
8503748,Madigger,0,1,147,2183
8511500,Big+Macintosh,0,0,0,2582
8514881,Js+Hell,4063,5,10455,720
8572750,litkafilip,3076,1,1045,1512
8591220,xfix,0,1,5904,854
8607484,Attilla+the+hung,0,1,156,2159
8610810,LIKLEY,102,0,0,2583
8614914,tade1000,22,0,0,2584
8625053,Zero-Two,122,318,2733770,4
8643678,psycho+bob,1134,1,1747,1281
8652911,aBBe+P,3505,21,122521,245
8663824,cyruscmh,0,1,878,1582
8724920,22eur,77,4,18680,603
8728227,agregory99,2011,8,43521,419
8737096,preshrocks,3739,1,919,1564
8748766,Frozen+Nachos,2603,29,176849,190
8761508,capolux,793,1,1224,1454
8800416,King+Man+Aa,0,1,36,2367
8807265,Antigoon,0,1,872,1585
8811596,usheen,2964,5,22743,558
8822630,zedrick+the+great,4296,1,187,2113
8834537,Nz+Shepherd,0,1,390,1858
8852081,CinduaMato+King,0,1,36,2368
8872898,zared214,0,0,0,2585
8886444,Danielfisher1987,8,93,701358,65
8920047,Pedropeters,366,1,308,1948
8924501,kendra+k,0,1,1076,1497
8942820,marauder66,0,0,0,2586
8954302,gergonian,610,1,1942,1233
8960795,ted.terror,2544,33,182530,186
8966722,123harry,0,2,2494,1113
8972257,Maid+Kurtis,0,1,42,2339
8999706,LethalOnie,0,4,15151,648
9006076,gibbomd1,0,1,869,1587
9022303,DiiRtY+G,2903,35,194326,181
9024545,lanky5,0,1,135,2201
9024993,guapodr,0,1,746,1638
9046259,michael2933,21,9,31562,480
9049602,virginity,0,1,1147,1480
9050914,ColdFoodChef,112,291,2238376,6
9054138,Wascal,549,1,623,1697
9064226,Count+Edwin,0,1,154,2160
9069751,mashobra,9,1,246,2036
9071094,NOM%3FNOM%3F,3381,4,8961,748
9074586,GlasgowRFC,551,1,216,2071
9079039,boneflyer,0,1,581,1726
9082711,E-99,2815,1,324,1923
9083860,DAAVWOLF,0,3,4485,909
9088320,war-peace,0,1,3249,1006
9111308,jaguar66,2808,9,37086,443
9117472,Morpheus82,0,1,51,2332
9117998,coolfahran,648,1,1341,1411
9132843,theredmask,1070,0,0,2587
9143939,dreamdon,0,1,61,2319
9158573,benlechasseur1,0,1,54,2328
9175557,Ambroninjia,767,1,384,1868
9177385,Active+But+Lazy+Gamer,391,3,10586,718
9179630,GreySkies,0,1,2353,1141
9201137,iiRoseJudy,2365,12,68596,326
9209406,hellsking,3904,1,410,1839
9216534,Hammer-Blaster,100,1,303,1953
9218047,Paper+Boy,2011,5,8513,760
9228583,FarmerGiles,0,3,14714,656
9235028,vFqZe,15,2,10759,715
9235606,baroness+of+lee,3906,2,3816,962
9239362,SNAFUII,1563,1,1521,1356
9239900,Lord.Walter-Waters,644,1,298,1958
9247761,HERCULES1966,644,1,274,1997
9249362,Celtic+Queen+Xxx,52,0,0,2588
9256418,Nighthawk.,1070,47,50896,388
9257244,I.R.Tigah,3465,1,2195,1175
9259144,Kritt,2206,1,2383,1135
9264537,pcsfari,0,1,305,1950
9281817,Zalindor,0,0,0,2589
9284626,Playmate,1629,1,662,1678
9285448,Transistor1337,2767,24,207833,174
9287359,DuFfMiEsTeRfLeX,2094,4,14915,653
9291703,script-man,2544,4,18536,606
9296604,EmoFish,0,1,36,2369
9319347,Truthfulruse,149,1,371,1881
9330037,scv30,560,1,957,1543
9343197,no...name,1402,1,36,2370
9345280,xyrias,2206,1,286,1975
9350347,kiwiatwork,9,1,3013,1032
9363759,ahnz,2859,13,44319,415
9374966,lowerypark,0,10,32612,473
9378928,Grumpy+old+Turtle,1115,213,1995984,11
9395007,bsjptpt,0,1,2138,1187
9395496,Jigstone,75,1,7888,783
9399388,42mitch,3376,3,11015,710
9399859,Make+A+Monster,377,59,478949,98
9411244,GGrancs,0,3,6602,824
9416482,Godloves,0,3,12210,685
9417097,Dogslife,2957,16,67370,329
9418980,Athena146,0,1,36,2371
9429700,Kwanll,3021,1,2981,1035
9438259,desilva7,0,1,2585,1098
9442449,Sir+Cork,648,1,315,1942
9454647,SerbianStallion,0,1,36,2372
9456331,augliitis,4228,1,251,2030
9459691,fabo.hr,0,2,3576,977
9460684,hladn-i,0,1,1976,1226
9473634,sunmachine,0,1,36,2373
9480753,TrapperJoe,3283,2,6235,844
9481253,Ukfreeze,8,28,63845,340
9488755,Drasko+t,0,1,36,2374
9493975,Bad+Fat+Rod,4099,1,1071,1501
9494870,adib95,104,1,1463,1371
9496553,adypaul,473,1,1838,1262
9498770,Bolero123,64,1,6547,828
9504623,suloi,4015,6,22046,563
9510968,SirPercyPorksword,0,1,465,1795
9516297,nadia1,0,1,2953,1039
9518859,stelup,60,1,2008,1217
9519855,Marshyyy,112,123,958246,43
9524292,mutt17,0,1,380,1873
9527107,Trangnon,0,1,444,1809
9527699,.uk+pro,0,1,36,2375
9531648,diza308,0,1,418,1831
9534177,Nickjj13,0,1,101,2247
9534287,water5,77,3,10186,725
9535255,pyre+fierceshot,2767,28,129754,235
9536782,lynda+a+galea,0,3,11036,709
9540131,kiwi2011,648,1,2878,1049
9541931,Mango+Bear,112,249,2153717,8
9549215,Mr.+Hengis,0,1,221,2064
9549219,WILLPOWER,0,2,1197,1464
9549341,KittieFiend,0,1,1713,1292
9564288,Paramore.,0,1,151,2171
9570325,The+Beast+of+Pokemon,4180,3,9781,733
9571760,Forgotten,0,1,36,2376
9586394,Nick.Fury,519,1,7690,789
9592666,CrohamHurst,2775,1,279,1987
9615122,Tully12,469,2,7724,788
9617347,Kizzzyy,0,2,2647,1087
9618373,emilsen1,0,10,21468,570
9627794,kwstasf1,645,1,36,2377
9633180,whitebrw,2122,1,2183,1178
9638234,pyon-yan,645,1,2075,1200
9639484,inndee,0,1,36,2378
9651327,Abiator,2842,3,10294,722
9651729,The+0N3,0,1,36,2379
9653593,MarcurKing,0,32,202757,175
9654427,Julius+Caesar.,0,0,0,2590
9656817,lalitdagar,0,27,156425,207
9663073,mradul8111,3505,9,55437,372
9665111,squash1212,0,1,88,2283
9666398,Vordingborg.dk,2258,44,252864,149
9669713,waring+king,21,1,1482,1364
9671416,boomerthug,0,1,104,2241
9680770,Tullamore,3066,10,59575,357
9682465,nitehawktribe,0,1,1318,1424
9686498,StupidGenius,443,61,444899,106
9692357,StoicLady,21,1,1046,1511
9693542,Bluedog2000,122,116,844672,52
9696773,xFEEDxTHExGODZx,9,2,11070,708
9701100,Wind+Clock,4290,1,299,1956
9701948,subaqua,0,3,4604,903
9702087,RefinedGentlemen.,1337,410,3789291,2
9703312,JukeBox+Hero,2544,37,161851,204
9706573,jmngoho,9,1,1449,1378
9715377,atilla,38,2,6769,814
9715852,ReleasedNow,4129,0,0,2591
9722298,jorunds,0,1,158,2152
9722313,alex9998,3076,1,905,1569
9723308,Jontius,3128,3,10169,724
9725990,whajen66,2653,1,1814,1264
9726572,henrik5,4289,24,97496,275
9727669,Navarian,1115,221,1612789,19
9728514,Luck+Madness,519,60,408305,110
9730076,Warheat,0,0,0,2592
9736646,lukeydook,3875,3,7510,793
9738438,lord+Zlane,2258,30,165493,199
9739122,padot75,3381,7,32155,476
9746606,Nautolan,2105,6,23753,538
9747178,Zortan,328,1,95,2267
9749870,GoldenSun,2788,1,1994,1220
9752583,zahir1234,0,0,0,2593
9754276,FamousInferno,377,23,199849,177
9755423,RICH57,9,1,274,1998
9755467,Ras+Draconis2012,645,1,1064,1504
9757086,Murena,0,1,210,2075
9757309,redneckerson,473,1,428,1821
9759264,Anvil,2206,1,6946,809
9759917,Hermit,635,1,166,2138
9762636,jamzbond,0,0,0,2594
9764492,SamBow93,3283,2,6368,836
9769137,jandcfer,443,15,63817,341
9772647,rattel,2797,1,1606,1325
9773949,King+Simi,793,1,1836,1263
9775625,xaphot,0,1,2682,1081
9778158,lakorn,0,1,5494,866
9779589,kagiscon,0,1,218,2069
9782602,Misstigeress,699,1,1395,1396
9786034,Lord+sachin,0,1,69,2312
9793371,Talli56,112,102,891329,45
9793791,CAPTangent,2603,5,23519,541
9793949,Finch29,2758,1,1353,1408
9795293,CrazyRob,1308,13,50529,391
9795423,floresking,0,1,518,1763
9805916,critikal07,1443,43,323326,127
9809443,texassoldier421,0,1,439,1817
9811720,DMZOpera,1070,0,0,2595
9812061,b0mber664,3066,21,120673,248
9814664,COLEKILLER16,0,1,100,2252
9815611,ichill16,0,1,36,2380
9816545,jernax,0,0,0,2596
9816586,Martyn+De+Buggurrbuc,885,1,543,1748
9817877,solonyan,0,1,3788,964
9819033,jernax1,0,1,570,1731
9821246,captain+flash,2094,55,395681,113
9822692,Ascacos,4125,18,79832,306
9824743,tudadar,1070,16,18046,612
9825471,Spirel,64,1,463,1798
9826695,trailrichard,2971,0,0,2597
9829584,lucii+agripa,2915,1,598,1709
9836415,thespartanz,0,1,840,1599
9836651,D+Golon,73,1,36,2381
9836909,dilbertland,0,1,946,1551
9837364,robbieb213,2212,10,62529,347
9841919,Temida,0,1,190,2106
9842326,cofcballer,2405,1,1994,1221
9846073,MisterX+Lt,0,7,20610,578
9849681,Afterglow,1070,1,750,1635
9850399,lakshay16,0,1,318,1934
9855111,swanx,2094,22,135186,226
9855604,Lord+Protector,0,1,1221,1456
9856832,VC+William,0,2,1909,1242
9857136,opklnm18,903,27,92128,285
9857153,OopsUrDead,0,3,8869,751
9863028,moonline,1443,26,218895,166
9866869,Brad+The+Brave,2758,3,1882,1250
9867834,CentricRock,0,1,1252,1442
9868993,Demonic+Joker,0,1,503,1771
9872471,OFWGKTA,1115,107,815785,55
9892686,Nivel,1477,1,2635,1088
9900978,Skyblu101,0,1,277,1988
9905888,Mr.Noob.,1115,73,574059,80
9906365,ZamirHD,0,1,266,2010
9907450,IamJPR,2834,2,4471,911
9907526,Mad+King+Walrus,1787,17,109725,258
9916353,Cricket+TT,3128,9,34187,462
9927865,Bart1975,0,0,0,2598
9928760,Koroviev,1308,3,16802,628
9932496,Warrior+Lord+Rocky,19,0,0,2599
9932769,rocfrog420,2094,30,170688,195
9934518,Omer.Kira,3128,3,13130,675
9937811,legendofdark,19,1,324,1924
9943357,19JP19,1866,5,23567,540
9945152,Snorlax,112,194,1576318,20
9946792,Mr.+Smith,3474,0,0,2600
9948582,NeoStorm,100,1,380,1874
9948696,RicktheBlade12,2859,10,36654,446
9954918,driver916,0,1,737,1642
9960123,Florian+Geyer,0,1,539,1750
9970636,MrJigsaw,4108,7,20251,581
9971387,Destikado,2903,8,23764,539
9971927,cjane,3603,12,32706,471
9972395,jeblen912,3951,17,83623,300
9977697,apujanata,666,1,4963,887
9979288,fermenator,366,1,881,1581
9979858,pepk,0,1,593,1716
9980464,oddstuff22,4001,1,36,2382
9980904,man242,0,1,1528,1355
9981214,Horny-hippo,0,1,192,2103
9983610,hmxskills,3670,1,259,2020
9984094,bektaa,793,1,2264,1159
9991275,LOGAN50,2642,1,163,2144
9999203,Tobaco,4108,15,74063,316
10004754,wc.master790,1070,0,0,2601
10006413,Tegelen,21,1,2384,1134
10006848,Knightbellgo,0,0,0,2602
10013820,reaper.1,14,1,97,2262
10015820,Sir+Chives,4108,1,1460,1373
10016824,malac88,2365,20,121462,247
10016871,lord+leka,2787,1,1401,1392
10022424,Senyor+E,4072,5,19925,584
10022434,gerche,519,1,7964,781
10024480,Pigeon+God,4180,1,1575,1334
10025620,shmingbing,0,1,2472,1117
10030348,kwester,36,1,3989,952
10033324,acct75,466,1,481,1784
10034060,Vultra,526,51,359724,118
10044793,MrBurger,479,107,730513,64
10049468,Ppepino,0,0,0,2603
10055570,arnorthway,278,1,1424,1384
10058992,JamesFraser,1228,1,831,1602
10062609,Sericus,36,1,1627,1314
10064149,LoveIndo,366,1,168,2134
10071221,Eirika,2788,16,63800,342
10076749,Mac+Lee,218,1,1701,1297
10078112,jogardus,60,1,728,1648
10080689,larsk,519,12,88466,293
10088588,cabziboy,0,1,1507,1359
10093819,silverknight202013,0,1,36,2383
10095756,Adonai,3021,1,204,2085
10096481,J%C3%B6llik%C3%B6lli,4181,1,1328,1417
10101460,ahotd,0,1,3534,982
10103656,kelrick,36,1,906,1568
10105370,stefos,298,1,1761,1278
10105921,Yannie95,3603,0,0,2604
10115392,swagdred101,1403,0,0,2605
10117247,BananaInYourPocket%3F,898,0,0,2606
10118289,Kurisu23,0,2,4288,927
10122429,Dandlion,2902,1,1339,1412
10125449,boogs1,4108,1,693,1660
10136329,Lady+Dodo,9,2,6658,821
10144642,King+xylon,0,1,144,2191
10146526,Hinwill,0,1,666,1673
10153655,aylaserenity,21,1,1500,1360
10155570,JamaicanMeBacon,122,176,1523063,21
10156877,UNITED+STATES+OF+SMASH,0,0,0,2607
10157337,ozfal,0,1,2728,1074
10159601,cacalolo,469,1,1130,1484
10160085,KILLuALL,1983,1,762,1634
10166307,Lord+Of+Barbarian,2815,5,18292,610
10170847,TequilaAddict,677,23,119434,249
10171689,the+warrior+return,0,1,2406,1128
10175727,Flux+Capacitor,0,1,555,1738
10177988,Dr+King,0,1,36,2384
10179687,NoOneElse,4255,1,139,2197
10183842,catastroika,0,0,0,2608
10184180,-hemuli-,0,0,0,2609
10185065,carl+the+llama,0,1,517,1765
10186786,Lord+shawhunter,2262,1,1518,1357
10188822,KriCO,2834,6,32185,475
10190315,Iron+Lady,4284,1,166,2139
10194357,drone+21,2544,78,540651,86
10207899,avner.t.il,0,1,239,2047
10221101,wesleysnipes,0,1,87,2286
10223484,Mudandred,0,1,3305,1000
10223699,J+Stalin,0,1,111,2229
10235365,Nsk-,2258,10,22839,555
10237688,marcantonio2001,2787,0,0,2610
10239126,QueenZyva,0,1,702,1657
10256288,Lord+Joshy,1735,2,14376,661
10257312,pheonix-warrior,0,2,2381,1136
10265807,lordpegasus,38,1,1803,1268
10271596,Ze-Kaiser,0,10,40725,429
10279622,pink+mist,0,1,1471,1369
10284554,makszakon,0,3,3401,991
10284836,MaltD,3875,1,2269,1156
10285895,KONJARA,0,1,387,1863
10288348,audtjr120,3560,1,2878,1050
10288973,Ilomants,0,0,0,2611
10300814,SirCharles40,0,1,161,2148
10308663,Perouka,1443,119,989300,41
10308855,Arne+x+Lucie,526,86,545407,83
10314871,patroits,0,0,0,2612
10315653,shadowgaurdian,0,1,5097,879
10327092,JustMe,0,1,648,1682
10328330,blissful+insanity,0,1,685,1664
10328442,chandler15,0,1,36,2385
10330976,Trap,0,2,7852,785
10331147,PzIV,22,1,238,2048
10339643,seeker,2105,13,50320,392
10345581,MalloryKnox,0,1,2788,1061
10345680,killerbee133,0,1,1863,1255
10353367,Cashcole995,0,1,36,2386
10363081,re+robertum,560,1,209,2076
10363882,Bugoy,4099,1,2264,1160
10368269,Kate+2,4280,1,36,2387
10370714,mones,2677,12,43826,417
10372291,Einstein,4289,21,144877,221
10404773,Tartarus,0,1,1513,1358
10411916,iamet24,0,1,3535,981
10413297,Venomous+Retribution,1070,52,211793,173
10413554,take5,0,0,0,2613
10416661,theappleflavoredcanary,0,1,939,1558
10420159,belagak,0,1,134,2204
10422566,KORTEZY,0,1,36,2388
10425053,erdembjk67,3633,1,626,1695
10427048,miraluna143,3739,0,0,2614
10432991,Whora+Tha+Explora,0,3,14070,663
10434247,Artifact,2094,6,38158,438
10442746,skilton,0,3,6017,848
10449559,Madsaf79,0,4,8359,768
10452473,PinkLisa,210,1,802,1616
10453800,IcePick,0,0,0,2615
10454394,phatfat,3875,4,11876,690
10458494,Angelusnoir,3265,1,209,2077
10466843,cplautz,64,1,2276,1155
10471994,wumpus,3873,3,7224,802
10474956,pozaidonclint,0,1,956,1546
10475722,xa4cd,0,1,318,1935
10479710,Komarcek1,526,0,0,2616
10481783,Cole9109,0,1,481,1785
10492145,-Crusader-,3917,1,874,1583
10498849,buddy9494,610,1,2559,1105
10503195,Jamisco,4180,1,2312,1150
10508058,Sir+Maxwell,266,1,2592,1093
10508177,Carl+vdw,406,1,254,2028
10514103,Darth+Phydeaux,3505,23,86891,295
10516819,general+saber,38,1,214,2072
10523234,Hammerhead,0,1,36,2389
10527075,lady+zala,4042,15,64457,336
10558553,Drunken+Professional,1115,3,8172,775
10560963,madbill25,4249,19,132908,229
10572533,FORTYONE,0,1,1298,1431
10577924,Mark+of+Green,1346,1,309,1947
10579887,G-Rex,3335,1,199,2093
10583594,Radon,0,1,299,1957
10588557,cainid,1443,75,460225,102
10589564,Lady+Kerrius,3128,1,4322,931
10593665,Old-Sadao,377,390,3832369,1
10595476,Lord+Slovak,4042,10,31532,481
10596056,Eren+Jaeger,2212,30,164209,200
10599670,RZett,2677,6,27447,506
10599981,iForget,0,0,0,2617
10605812,psychotic+madman,903,13,60447,352
10610027,Josef,3643,1,3659,972
10621950,drakelius,9,1,2010,1216
10625580,englishgally,77,1,4084,946
10627241,SlackerJ,3920,1,154,2161
10629576,bom+bom,3457,1,3249,1007
10639056,kolobar,0,1,1590,1328
10642994,King+kronos,0,1,858,1591
10644867,Zephur,466,1,666,1674
10647336,t4nah,0,1,482,1782
10648397,lulu22,2258,24,94622,278
10654945,Grenade+Launcher,77,8,37275,442
10658077,sampurna,0,1,902,1572
10669541,BatMule,0,1,529,1754
10670433,coops,0,1,36,2390
10672399,stush6684,2122,1,361,1886
10675045,mpb313,0,1,108,2234
10676513,BillyBobTheGreat,462,1,2809,1060
10678541,dogol,0,1,2362,1140
10686092,Anidabest,3805,1,495,1776
10689460,cliftonian,3505,1,2139,1186
10690393,STESHOT,330,1,148,2181
10701310,grudges,0,1,235,2049
10713552,Salvador+Dali,0,1,36,2391
10723671,Silvaria,0,1,1459,1375
10727316,wiktor,793,1,1038,1516
10735289,Gal1leo,204,1,4225,934
10735961,done,77,20,104250,264
10738812,Lord+Pros,4197,1,36,2392
10746676,eerieeidolon13,4042,3,12993,677
10748337,annefranksdrum,3128,6,29708,488
10752464,Scooby43,519,21,103616,265
10756063,Destroyer23,3985,0,0,2618
10766406,Feljetonas,60,1,2079,1198
10768074,jumbee+the+crate,4013,3,7518,792
10780030,yossiyossi,1337,34,323170,128
10781869,SOLOsp,0,1,442,1810
10793521,demeter,3167,1,603,1705
10799693,coso,0,3,18388,609
10807416,Nikolaj+Gregorov+13,3568,1,288,1973
10812416,Williamthefirst,4052,2,8133,776
10816677,Lex+-,1115,120,950136,44
10823358,Marko+Kraljevic,0,1,1123,1486
10827033,egrob,610,1,1561,1338
10827122,JustDoIT,0,1,610,1703
10827927,kimmy732,1443,43,340733,124
10828947,jonasnarvas,645,1,130,2209
10830371,PP+EARNER,0,1,36,2393
10830608,orangejuice,0,1,36,2394
10832188,Divine+Lawnmower,2964,3,12364,682
10834368,Code+Red,0,0,0,2619
10834476,Forged+In+Fire,0,1,36,2395
10839640,anthnmrtn,903,9,69508,325
10852530,Goyard,2094,6,35954,452
10857192,Smurf121,4249,8,49231,396
10866507,ALKAMIST,9,1,707,1653
10872030,La+Sardine,0,1,94,2271
10878557,Chmoe,3004,1,1652,1307
10878628,HotLikeDat,112,107,1008064,38
10879701,%2AUNDER+CONSTRUCTION%2A,479,87,613148,72
10885782,Fadhil+MY,4181,1,1959,1273
10889191,Scottishwrath,4028,6,18440,608
10891965,Rembo,0,0,0,2620
10892715,drivedes,2650,1,2937,1042
10917672,Reemul,204,1,184,2120
10922522,miran751,4295,1,411,1838
10930154,Mundzuk,0,3,3244,1009
10931110,Meruem,122,87,761918,62
10933786,Sharp+lee,1477,1,6881,816
10936722,Mohawk30,3061,7,21955,564
10944027,fourtwenty,0,1,36,2396
10949543,.Rekt,0,1,36,2397
10950083,Kenzhin,4218,1,230,2051
10950521,BENTLEY,4243,1,36,2398
10950898,matkec,0,1,344,1905
10952538,idan1998,0,0,0,2621
10967029,Jah+Unit,2620,1,1319,1423
10971953,qvert,0,1,36,2399
10971993,The+wanted+one,3505,14,91358,288
10972989,ADW+III,9,1,423,1828
10974614,krja,0,0,0,2622
10977709,pantelis+22,219,1,1194,1466
10984260,ghtjd456789,0,1,146,2188
10987357,Crazymonkey1990,0,1,168,2135
10995258,NukeDeliveryService,2544,22,138974,224
10996554,naki1794,473,4,8245,773
11001646,Kapiten,526,0,0,2623
11003447,little+bear,0,1,277,1989
11007773,The+Commander,377,101,838203,53
11008727,beware777,4294,1,36,2400
11013293,Dowelly1498,3616,4,12296,684
11015252,Linoko,526,96,534885,88
11016469,golgol,0,1,763,1633
11017584,nightwalker,4247,1,185,2117
11024396,Humongus,4042,1,3242,1010
11027940,the-carolean,4014,1,1074,1506
11028258,hdominiak,0,1,185,2118
11031013,GeeGee,122,137,1279250,27
11033911,King+Gary,60,1,3115,1022
11036879,Zazake99,3265,1,292,1976
11037161,Dune+Buggy,2455,1,1796,1272
11044048,C+u+n+t+a+c+i,0,0,0,2624
11048056,Tukituki,1088,3,5364,867
11048328,Kaapeli,665,1,818,1609
11049082,%2AROBINthaHOOD%2A,0,1,289,1971
11049600,BigEZ,1115,65,486105,97
11052741,Sword+Sister,0,1,2818,1056
11053953,Nicholasd,22,2,8288,770
11055813,Merlinkush,2903,1,114,2224
11067376,Actuarius,3849,1,1144,1481
11069917,akumimin01,49,1,4594,904
11075738,Crowelyssuit,0,1,487,1779
11079554,Fitzy.,0,1,1909,1243
11079927,Hamarlan,0,1,1266,1438
11081905,gigs2520,1735,1,2404,1129
11089117,letvas2,0,3,6994,807
11091514,sharkmen,418,1,433,1819
11092371,Breathless,0,1,254,2029
11093157,Talambuke,0,1,1946,1232
11095550,brownies,4294,1,36,2401
11098428,Sone94,4271,1,159,2150
11105893,Lord+BERSERK,4262,1,36,2402
11111389,Queen+Beothuk,21,4,13701,666
11114489,Mr.+Shrek,2136,1,36,2403
11114674,bloodbunny,2210,2,9828,732
11116419,Death+Orchestra,0,1,1532,1354
11116616,Lions+Can+Fly,0,1,36,2404
11119147,EristikosOPC,406,1,5739,860
11119418,Devil+Bat,4195,1,1697,1300
11121928,petryx,278,1,1937,1234
11123488,Nnnnnnnn,479,148,1112913,32
11125816,%2ACaligula,1787,392,3455565,3
11127654,hammarsmashface,0,1,158,2153
11127861,Smayke,0,1,492,1774
11129033,proslayer1,0,1,36,2405
11129135,WelcomeToTheFreakshow,0,0,0,2625
11136898,GryffindorTimelord,4052,4,16976,624
11137279,overwatch,4216,1,969,1540
11142409,AzogHR,479,26,251450,150
11142546,Ulabrand,0,1,349,1900
11153805,Anne,0,1,36,2406
11154353,tempelis,2714,1,1328,1418
11154821,Lord+spamalot,0,6,22814,557
11156337,Big+Nelly,4072,8,33813,463
11156736,Bendis,1306,1,870,1586
11158797,ZeProdigy,1992,1,49,2336
11165325,Karlssonn,4238,2,11445,700
11166496,dani666,0,1,1226,1453
11166958,epinephrine,3120,4,14415,659
11168411,dukeman,0,1,590,1721
11168576,IAmTheZump,2395,1,3023,1030
11173388,Kanki,176,1,319,1932
11173525,General+Retreat,3265,0,0,2626
11176139,togabriel,0,1,36,2407
11177514,Misery,3066,16,75715,313
11179076,tianna,0,1,592,1717
11181212,Redor,0,1,114,2225
11181835,fang2,0,1,984,1531
11190358,Fight2me,2699,1,3253,1005
11191996,snpn,0,1,51,2333
11194357,achmad003,3875,1,98,2258
11195909,John69Cee,4202,1,249,2031
11198873,CripplingDepression,4181,6,22976,551
11199645,erimrija,0,1,146,2189
11201155,Reaper1991,278,1,2609,1090
11202401,Heil+Giant,0,0,0,2627
11202770,Prexton,0,1,3876,960
11203298,Clementiu,610,1,561,1735
11203348,%2APain+In+Da+Axe%2A,0,1,284,1979
11207522,eiouay,560,1,638,1688
11208061,olun16,377,47,358768,119
11210440,Bucko,0,1,1245,1446
11213712,Archeast,747,1,247,2034
11217090,Jonhil,637,1,529,1755
11218411,jhshultz,100,1,1366,1402
11219365,Wing,3739,1,1243,1448
11222170,Sledging,0,2,4365,923
11223765,Kabugga,466,1,2950,1040
11225915,Taunuspirat,699,0,0,2628
11229738,DrRonne,0,1,98,2259
11234824,CroatianMonster,0,0,0,2629
11235109,Amon+Gades,3128,6,26621,515
11235753,kenob,0,2,2592,1094
11235765,%2AGenghis+Khan,1787,130,1004613,39
11239209,one+move,2957,2,6509,829
11241365,xXCostobokXx,0,1,318,1936
11244468,%2AVercingetorix,122,99,830526,54
11245031,Warrior+Maiden,0,0,0,2630
11245065,81Assasinz,0,1,36,2408
11245157,Milito22,443,10,61937,349
11245940,cjdestroyer,0,1,36,2409
11248730,Skyer,0,4,8253,771
11249921,Earl+Artnar,519,24,151546,213
11250122,Eknos,0,1,94,2272
11250671,Persus,1883,1,1074,1499
11251150,sas28,0,0,0,2631
11253437,toptop,0,1,1743,1284
11253556,KissMyAxe,0,1,36,2410
11256005,DeHaven,0,1,2044,1211
11256217,athaccaz,0,1,2253,1166
11256290,DarkHempZ,0,0,0,2632
11257617,krvaviskorpijon,747,1,150,2175
11258869,INC0MING,1337,206,1861266,14
11261147,Sleepie,0,1,36,2411
11261818,HellLegion,2767,6,27284,509
11262315,JuanJo,105,1,38,2347
11262342,Ulises,3363,1,4373,922
11263030,hiirnan,0,1,208,2079
11264344,King+Dingdong,898,0,0,2633
11265120,FragUK,3021,1,2721,1076
11267484,Johmy+Desu,1685,6,28174,500
11271843,wernerheydrich,2475,1,1158,1477
11273727,halomaster85,4181,1,1533,1352
11275707,TaintedTurtle,560,1,223,2057
11276118,AKRUG3R,3128,2,7572,791
11276765,Doctor+Strangewar,112,227,1699825,18
11278858,kevp,0,0,0,2634
11279182,harabi,0,1,94,2273
11279806,BLAADE,0,1,1199,1462
11279908,lokigodsback,2475,1,463,1799
11284257,scorpia+neagra,0,1,257,2026
11287785,Krige,2544,70,434452,107
11287875,beebeam,0,1,911,1565
11289604,Ojsan,0,1,3393,992
11291153,KattRag,2370,1,2340,1143
11291243,Raz0r,0,1,182,2122
11291502,laszlo,1519,1,83,2298
11291922,Airesking,3722,3,9886,731
11292912,caligula221,0,4,10797,714
11293069,exstyled,0,1,36,2412
11295140,gangang,3384,2,5864,856
11295245,kur3,21,1,3402,990
11297454,megahitSRT8,167,1,557,1736
11297966,John25,38,1,107,2236
11299621,erenjim,0,1,42,2340
11300049,Konton,0,1,440,1811
11301229,pjmacfarlane,204,0,0,2635
11301495,PrimeSapientan,4238,1,921,1563
11304640,Rukia+Kuchiki,2797,2,5043,881
11305547,alexstreza,0,1,69,2313
11308181,rhysb130,903,6,36650,447
11309079,Ikh+Uls,0,1,297,1961
11310706,SammyTheSassyBro,0,0,0,2636
11311283,The+Curious+Alchemist,443,43,288323,135
11313797,5071,4077,11,58254,362
11316156,nikchop,3359,0,0,2637
11317267,Qukis12,0,1,36,2413
11317461,Fritzi2,102,1,2466,1118
11319233,auracraft,4258,1,327,1921
11320640,Delbert,4289,11,32730,470
11321932,diyq,0,1,260,2027
11327632,nemonsterr,52,0,0,2638
11327688,gameryann,479,32,244891,152
11327731,Vallmanier,4181,1,1620,1318
11327990,mikeLetoris,0,0,0,2639
11328432,fluxdensity,900,0,0,2640
11328982,%2A%2ABAM%2A%2A,2831,0,0,2641
11329728,RIP+U+1,381,0,0,2642
11329925,Fire-knight,1337,82,762896,60
11330092,Starlite,0,1,275,1993
11330880,Finzone,2834,32,106551,261
11332326,Sir+John,4112,1,519,1759
11332608,rasione,3196,3,12035,688
11333080,KILL3R+ELITE,1443,29,216045,168
11334922,shooterman1987,1801,1,956,1547
11336298,lllll+llll,0,0,0,2643
11336348,-RazorsEdge-,1411,1,352,1899
11337018,buger,3196,1,652,1681
11337880,scorpion.reloaded2020,0,3,10032,729
11338352,Al-Fatih,0,1,36,2414
11338766,Canly,3568,1,172,2131
11339439,13456690415,0,1,41,2344
11339973,mikesimba,0,1,200,2090
11340252,Frodo,0,0,0,2644
11340315,Sairam94,0,2,4986,884
11340394,Prostagmas,519,28,160627,206
11340438,BlueMantis,0,1,95,2268
11341866,ragoon9,0,1,665,1675
11342963,siege+engine,549,1,2062,1204
11344457,zorrro,0,1,150,2176
11345061,Aries78,0,0,0,2645
11345108,The+Jolly+Roger,0,1,104,2242
11345440,Intervention,1115,36,278623,140
11345664,Peenuts,0,1,68,2314
11346101,Kung+Fu+Kenny,2603,8,32127,477
11346722,ciko,2165,5,10824,712
11346948,buzu,3849,1,4571,906
11346979,Elwanda,0,1,142,2194
11347309,.Farms,112,67,577279,79
11348754,Dobbzy13,0,1,71,2310
11349228,Zonalgman,3376,13,36228,450
11349647,Prime+Minister+Smith,1787,246,2210588,7
11350208,Tiparna,363,4,7821,786
11350540,TSUNAMiC,0,1,1761,1279
11352765,cmndnong,19,10,46581,409
11354157,Surreal,0,1,36,2415
11355124,Psyduk58,0,1,36,2416
11356175,Wanch,2011,2,6329,839
11357935,tony99,0,1,461,1800
11359067,mubasha,2428,19,89694,292
11361099,Jaybird,112,141,1086166,34
11361384,RapaLtantt,0,1,36,2417
11361466,Pomegranate,526,48,316106,129
11361839,wolfmandk,3505,4,19128,595
11361860,johnxxx,4042,14,91316,289
11362242,Angel90,2787,1,791,1621
11362816,Starmit,443,29,186327,184
11363242,fast,526,123,1198150,29
11363340,BRUNO2135,2411,1,331,1917
11364013,Old44,0,1,688,1663
11364216,goodwin761,0,3,6582,825
11366242,geoffina,4011,1,806,1615
11366937,PM-34,0,1,36,2418
11368465,Mozaiq,0,1,848,1596
11369099,ICHES45,0,1,2059,1206
11371577,inoblebarbs,0,1,332,1916
11372349,i+kill+you,903,21,162351,203
11372615,Pros5,0,1,36,2419
11373143,Aalborg,0,1,2047,1210
11373501,payang+united,0,1,2321,1147
11375052,Black+Hammer138,2094,9,33378,466
11375133,Jobz50,0,0,0,2646
11376482,Franchise,0,0,0,2647
11377047,Gravity018,0,1,396,1851
11377256,bill34,612,1,904,1570
11378690,Homeless,77,1,684,1665
11379483,gui123,0,1,1437,1380
11379864,codes,0,0,0,2648
11380098,BonkaD1337,4193,1,869,1588
11380846,CsihiPuhi,0,106,681015,67
11381136,mazarasha,3161,32,218066,167
11381205,Snyltarn,1337,110,844991,51
11381254,baaloo,2048,1,1375,1400
11381544,JJ-JJ,566,1,836,1601
11381902,slunto,479,111,1055634,36
11381913,greg12,4028,11,42016,425
11381925,geslo,645,1,1579,1331
11381957,boki007,0,1,282,1981
11381976,rudomir1,0,3,13012,676
11381978,zoogu,665,1,946,1552
11382019,Emanuela+Zidar,60,1,323,1927
11382034,Baramovic,0,1,2037,1213
11382044,Marxxx,3268,0,0,2649
11382074,-majmaj-,566,1,147,2184
11382104,seocenko,0,1,602,1706
11382159,dadja,0,1,1299,1430
11382165,sekolinko,4028,1,198,2094
11382201,ZRIMIR,0,1,3474,985
11382209,redoljub,3167,1,2080,1197
11382235,kobra16,2011,1,3985,953
11382345,GIMLY,0,1,2074,1201
11382485,laganicaa,0,1,158,2154
11382491,buliwuf,4158,0,0,2650
11382564,UnleashedXY,4273,1,36,2420
11382656,papa+strumpf,2758,1,6484,831
11382676,Gustekk,2879,1,116,2221
11382771,leinad+namsirk,610,1,223,2058
11382772,swejk,328,2,8478,762
11382832,Pleziadopis,3376,1,1365,1403
11382866,kadilec,27,1,703,1656
11382967,bbole,0,2,4294,926
11382978,InGray,0,6,23466,542
11383301,DR.ago,0,1,705,1655
11384335,Irena78,1160,1,595,1713
11385223,slinkoq,747,1,346,1904
11385520,jens567,0,1,355,1893
11385801,Damir-TZ,2766,1,1112,1489
11386174,GEBS,425,1,1218,1458
11386359,Meho.,58,1,3302,1001
11386823,JasamTu,406,1,859,1590
11386852,pavle404,19,4,13207,674
11387169,beamgirls,0,1,295,1964
11387768,Milivojsa,0,1,436,1814
11388060,Headbang.,0,0,0,2651
11388156,buhteljcek,3359,1,583,1724
11388229,nibbeN,2859,20,67005,330
11388723,jankovc123,0,1,354,1894
11388962,minjaha,0,1,36,2421
11389514,Tadpole,3855,17,92659,282
11390345,cotr,2834,8,42291,424
11391631,Mr.+Smitys,0,1,36,2422
11392577,fani,2498,4,7041,805
11392673,-TAI-,432,1,2170,1180
11392794,Sebita,4249,10,76571,311
11393462,koreanjea,0,1,2121,1190
11395166,wedel,231,1,2592,1095
11395456,AndreicuInima,3505,1,901,1573
11395552,Homer+the+Great,100,1,152,2169
11396080,ksykor,0,1,4224,935
11396732,bordobereli16,14,1,550,1742
11397656,360glitch,4077,6,23051,550
11398399,Lord+winston25,0,1,1743,1285
11399884,marnob,3647,8,19626,590
11399990,vujamen,0,1,36,2423
11400101,Lady+Lost,699,1,1542,1347
11400374,branko111,988,1,529,1756
11400585,SkyMorpheus,2094,2,7497,795
11401036,neworyx,2105,9,32777,469
11401104,XdarkY,0,0,0,2652
11401257,remuss4u,2094,16,99995,270
11401704,Xanther,0,1,258,2024
11401765,cokomoko,4099,2,5183,876
11402429,Warchild,0,1,1592,1327
11402534,Gazi+beg,3512,1,95,2269
11402800,arbiterthesilencer,4181,1,207,2081
11403039,Keisuke+Honda,2428,7,43712,418
11405260,Mama+Africa,0,1,85,2293
11406423,frex2015,0,0,0,2653
11406499,Lord+Qwerty123,602,4,17698,616
11406701,Cavalerul+mort,0,1,941,1555
11406891,maxk789,3603,1,193,2101
11406897,naiord,0,1,2258,1163
11406943,gu-fanaum,3265,10,54545,377
11406946,PANG2018,1735,1,4483,910
11406992,benz77,2011,4,9224,744
11407119,masmanee,0,1,179,2126
11407123,pepo1965,0,1,187,2114
11407130,boonrut,0,1,180,2124
11407231,IAMRay,0,1,354,1895
11407450,radsamee2,0,1,691,1661
11407471,Hamm,4249,28,224556,165
11407717,chamakuball,0,1,297,1962
11408297,nailer,610,1,6506,830
11408610,ong14,0,1,886,1577
11408772,shuggy,204,1,1451,1377
11409561,GALACTUS,3358,1,518,1764
11412252,Grumpy47,2365,18,98109,272
11412579,an-ant,0,2,1291,1433
11413982,Rajasit%2A+%2A,3986,1,4209,937
11414445,noyyoonit,2380,1,2059,1207
11415644,Lady+L84AD8,38,1,1714,1291
11416196,doth92,100,1,158,2155
11417097,Unjustified+Killer,902,1,390,1859
11417919,pa3k,0,1,36,2424
11418149,ImNegan,903,10,62385,346
11418451,nenamrazica,0,2,11124,707
11421687,atakanadak5162,0,1,51,2334
11422636,The+Tender+Loin,3975,1,451,1805
11422826,Kirito211,3265,1,85,2294
11423926,DrBanana,2011,1,2733,1072
11424186,LERA,0,1,427,1823
11427122,ppaull17,0,1,348,1901
11428054,twoangrykittens,479,109,865981,49
11428222,Spellcaster,0,1,298,1959
11428312,wakzz23,0,1,139,2198
11429267,Legatus,1088,1,437,1813
11429303,Lord+Sir+Kirmit,1228,1,348,1902
11429335,Porewit,0,1,412,1836
11429640,QWZXK,2842,4,22174,561
11430151,vojko,0,1,519,1760
11431206,Reedy1871,0,0,0,2654
11431898,Mad+Matt,3033,1,258,2025
11432212,milipkc,519,25,196506,179
11432672,nco10,2094,30,191407,183
11434215,NewStart,0,1,2565,1102
11434294,wingsun,0,0,0,2655
11434460,Lord+je+srcni,566,1,2130,1188
11434563,aod1544,0,1,131,2206
11434739,Alkara+Thelduin,2964,6,22886,553
11434781,DeathJester,0,1,247,2035
11435756,loster,0,1,1137,1482
11436304,xXSNIPERXx,1337,45,127194,225
11436476,plamme10,3717,1,506,1770
11436684,Lynckx,0,1,464,1797
11436854,Crix,3265,1,1915,1239
11438480,eaLogy,885,1,188,2109
11438689,eleanor,1548,1,1456,1376
11439645,9810561136,1866,4,26305,519
11440038,pirke,0,1,625,1696
11440190,ArcticPenguin,0,0,0,2656
11440705,sisavac,363,1,2008,1218
11441354,oilzakub555,473,1,2857,1053
11442303,ellene,0,5,18611,604
11443176,finishh,0,1,874,1584
11444145,ophhboom963,14,1,480,1787
11444181,patgt,0,0,0,2657
11444819,Curious+George,122,49,405335,111
11444950,KinkyKing,0,1,36,2425
11445177,maxzakungza,0,1,227,2054
11445214,Freyja+Goddess,0,1,36,2426
11445493,oror,469,4,9683,735
11445613,vonstre,0,1,248,2033
11445756,DarknessArt,1962,1,520,1758
11446058,Denali,0,1,36,2427
11446239,King+Ivar+The+Boneless,2744,1,3307,999
11446460,bramdalar,79,1,736,1643
11446962,Xervosh,2210,1,269,2005
11447293,Gnosis+of+Iliad,3031,3,6216,846
11447455,x3-3x,0,14,48213,401
11447792,Frenkyy,0,1,267,2007
11448058,pleme100,3021,1,715,1651
11448396,Dragon,4249,4,34712,459
11448573,jeimsbond19901,2808,1,36,2428
11448827,billsnake21,0,1,135,2202
11448918,t..r.i,2903,18,101194,267
11449084,ptomi,0,1,2592,1096
11450354,Madmatt905,3951,1,1763,1277
11450756,No+Flex+Zone,898,6,56378,367
11450783,Vas+the+stampid,0,1,298,1960
11450838,anuwatzeza1,266,1,2089,1194
11451302,Ahoker,0,1,809,1614
11451374,Peaky+Blinder,0,1,36,2429
11451549,Balthalus,560,1,681,1668
11451737,Anti-Shaft,0,0,0,2658
11451772,Anzlowar,0,1,208,2080
11451823,duckksander,0,1,1309,1426
11452427,TomozawaHaruka,2964,5,17626,618
11453640,CrypticBehemoth,793,1,228,2053
11454219,Tzuyu,0,1,36,2430
11454307,zidrox,0,1,259,2021
11454448,EL+MATADOR,58,2,4068,948
11454725,BadFriend+Eat+World,3526,1,188,2110
11454738,Emerald,0,1,343,1906
11454887,cesilko007,0,1,313,1944
11455007,King+Diamond,0,1,366,1883
11455233,PendekarLama,0,1,468,1794
11455334,reno33,1563,1,1468,1370
11456075,Cobanko,2365,17,101042,269
11456131,AJOc,0,1,36,2431
11456762,DanneBoii,122,120,1010774,37
11456965,Dreamyr,122,91,856725,50
11457411,helloAttack,0,1,36,2432
11457424,Eivis,0,1,36,2433
11457467,chees,432,1,1569,1336
11457481,Apollo,0,2,306,1949
11457512,gonamik,648,1,1234,1451
11457524,grisaknoen,104,3,15614,643
11457530,Jacco97,0,1,1408,1389
11457531,nero89,4249,64,542751,84
11457584,Lord+D,0,1,696,1659
11457623,vossler,3376,1,2815,1058
11457627,Bodyguard,1337,9,67758,328
11457651,LasseMajja,111,1,2656,1085
11457653,normennerne,377,80,746581,63
11457669,Pule,3616,4,10047,728
11457755,audia6,104,1,853,1594
11457850,Soto,0,1,331,1918
11457876,Zhiraz,0,1,1318,1425
11457926,Moondreamer,0,1,631,1692
11457941,bino,3739,1,304,1951
11457972,Raxio,0,1,94,2274
11458062,nikitanilsson99,60,1,675,1670
11458072,Solan,363,1,213,2073
11458079,ade18,4181,1,1359,1406
11458220,Kurre-net,793,1,3629,958
11458222,Zunk,0,1,2505,1110
11458236,ku+za,239,3,8634,756
11458312,liax,982,1,2379,1137
11458360,radisson,0,1,3167,1018
11458373,Michael66,1983,4,20543,579
11458581,Lite+User,0,1,36,2434
11458869,LordBlood,4297,1,155,2165
11458939,Golgothia,0,1,4406,921
11459072,none,0,1,2959,1037
11459365,Pitbull+ffs,0,1,1011,1522
11459547,fakin+kiler,0,1,36,2435
11459760,lenne,0,1,5300,870
11459883,geoisgood2,0,1,36,2436
11459959,Rolf,3384,3,6412,834
11460123,RedRude,0,1,36,2437
11460459,colombo,0,1,940,1557
11460639,alfred98,191,1,487,1780
11460926,silkounet,4249,7,28052,501
11460953,fakeclean,0,0,0,2659
11461417,Birken,0,0,0,2660
11461431,Wmwinters,0,1,2501,1112
11461845,Ragge+1,0,1,552,1740
11462294,Hybris,0,0,0,2661
11462372,IamLocked,0,1,955,1548
11462437,Barsark,377,7,63262,344
11462520,ed1112,0,1,1215,1460
11462584,LeaKie,2011,1,1914,1241
11462595,Jonas1r,4249,4,26375,518
11462618,Mr+Nib+nibs,4,1,3807,963
11462671,konkan,0,1,657,1679
11462697,gugget,0,0,0,2662
11462827,Hebzie,1332,1,1553,1343
11462986,bik9,4063,3,6313,840
11462988,Maverick,3359,1,1278,1437
11463184,naxos,4108,11,57199,365
11463438,Bik10,0,1,36,2438
11463473,Dupond,0,1,36,2439
11463624,ingenorm,0,3,8388,766
11463662,Unholy,3066,24,119222,251
11464104,Bambinosi,479,27,201439,176
11464650,StarDust,0,1,61,2320
11465178,walkalone,239,1,4458,914
11465517,gjdfkb,0,1,10081,727
11465522,pathakorn,0,1,5599,862
11465549,ElliotMinor,0,1,36,2440
11465711,ugorej,0,1,2141,1185
11466012,Skrrrt,1411,1,283,1980
11466721,VIISIKANTA,0,2,8000,779
11466831,Rickard800,3906,1,2097,1193
11466835,Pinnen,0,1,3879,959
11467327,Greenlove,3786,1,3046,1028
11467586,varg+veum,60,1,358,1891
11467915,Lovre,0,1,499,1772
11467949,Henkepenke73,0,1,1777,1275
11467998,winettu,4181,2,4676,899
11468218,Bedanec,4042,1,3186,1015
11468423,MNeri,3283,1,36,2441
11469386,Gorio,0,7,26201,520
11469703,TtnK+Mu,0,1,266,2011
11470502,ZVECILKO,566,1,4449,915
11470630,valley,617,1,2034,1214
11471465,PLEVAC,0,1,1674,1303
11471814,Campbrinx,1088,1,2751,1067
11471959,TjaboBoy,75,8,26870,511
11472276,kblam,712,0,0,2663
11472334,NODUS,0,1,8806,752
11472757,CommanderDuterte,0,1,52,2331
11473615,JoeExotic,0,1,123,2214
11473653,KumPann,0,1,293,1966
11473945,Dummbullen2,2544,46,379496,115
11474044,Kung-peter,509,1,967,1541
11474297,Roman+de+Brut,3875,1,2181,1179
11474666,Little+Big+Tor,0,1,1849,1257
11475150,Gabbe98an,0,5,21012,576
11475453,hike17,0,1,186,2116
11475486,DaleJr88Brazil,3647,1,157,2158
11475608,yucelo,0,1,274,1999
11475746,Timmy.net,2498,7,13631,668
11475894,Folke+Falk,0,3,9065,747
11476128,Hasse68,1563,1,4864,889
11476246,Edmund+Tryge+Klint,610,1,70,2311
11476488,Sjaak+Trekhaaak,3376,1,1933,1235
11476860,Darknight.1970,4246,1,153,2166
11477238,LadyBlue,0,1,1097,1492
11477300,butchers,3616,6,19239,594
11477455,AlcoholicTurtle2,0,1,275,1994
11477901,KOBRA,903,8,61096,350
11478139,kral38,0,0,0,2664
11478452,piddi212,0,1,2859,1052
11479198,suomi+simon,0,0,0,2665
11479363,bojti+pasa,0,4,30719,483
11479384,blekkk,4237,2,15027,650
11479406,kaminski,0,0,0,2666
11479484,HornyBunny,0,1,40,2345
11480034,andr97,3903,1,4186,938
11480242,vinividivinci,2842,11,45233,412
11480530,pnong,2365,62,474908,99
11480590,udden88,14,1,494,1773
11480773,joakim41,3805,1,2812,1059
11480775,jyyrgen,1337,34,262126,141
11480891,Alduin,0,1,36,2442
11481109,Bad+one,0,1,36,2443
11481794,framg%C3%A5ng,0,1,946,1553
11482080,nana393,0,1,1137,1483
11482082,wory,0,0,0,2667
11482104,borilci,4181,1,197,2096
11482117,I101,0,1,122,2216
11482122,pouza55,0,1,792,1620
11482176,izyy,58,1,222,2060
11482197,BABABU,0,1,1904,1244
11482321,brtn76,0,1,1104,1491
11482406,Mr.Eggman,0,0,0,2668
11482451,Nj0fra,0,2,11642,696
11482513,terhals,1443,42,330846,125
11482521,somsakmuu,4278,7,10820,713
11482648,boksarski+klub+DRINA,0,1,202,2087
11482751,tongzii,51,1,2562,1103
11482858,Pidde,3616,18,107342,260
11482945,Reggie+Thunderthighs,0,1,260,2018
11483097,LANT2,0,1,1334,1415
11483378,Zan+Luka,3505,9,55373,373
11483522,kingkaew,648,1,1306,1428
11483589,dankbud101,0,0,0,2669
11484128,shaun966,560,1,242,2043
11484364,aj4719,3613,1,2681,1082
11484442,Dr.Bolanko,2365,26,153738,208
11484578,tobias,0,1,493,1786
11484748,Misdemeanor,0,0,0,2670
11484837,wolfstriker7,3838,28,164085,201
11484838,baconator5000,3838,1,36,2444
11484955,medtech,0,1,286,1977
11485150,lanajwamni,4042,5,14408,660
11485411,Nirchild,2842,1,1618,1319
11485575,galadi,2365,19,119146,252
11485584,ratko84,0,1,950,1549
11485676,albinsil,1612,2,5132,878
11485996,xicer,4108,4,13876,665
11486132,tonton,241,1,1185,1471
11486738,lyrsta,369,1,738,1641
11486742,Balaboola,2842,12,40522,431
11487088,xTWISTEDx,0,1,36,2445
11487393,Fumfo,0,2,4779,892
11487405,marlblue,191,1,595,1714
11487482,M9-PETER,0,1,1420,1386
11487627,ericlin,0,1,1766,1276
11487698,nmherr93,610,1,373,1879
11487784,Loke,0,1,1229,1452
11487949,Bor+2,645,1,557,1737
11488215,Doc+Gorio,2365,10,44804,414
11489259,Thelllll1046,2212,4,19469,592
11489380,jabble,0,1,322,1930
11489468,Wil180,1866,12,34950,458
11489677,Emperador+Jaume,79,1,4892,888
11489689,DONOVAN,3145,1,6231,845
11489701,roberkam+ii,367,1,1294,1432
11489702,Barby+Sartenes,23,1,1043,1513
11489715,Smokey,3384,5,25173,529
11489716,darkmatius,367,1,1240,1449
11489732,Lastoco,23,0,0,2671
11489735,Trundle,23,0,0,2672
11489754,King+Sasket,928,0,0,2673
11489762,PriNas,2258,68,517030,91
11489783,acr100,0,1,97,2263
11489784,Maese+Zippo,23,1,1222,1455
11489805,k.vittaya11,0,1,470,1792
11490013,One24One,3167,1,2883,1047
11490128,Lady+La+Hoya,0,1,150,2177
11490201,kurcha,23,1,970,1539
11490685,david+l.h.,23,1,119,2219
11490830,bonde,0,1,36,2446
11491656,Sir+Percival,2724,1,519,1761
11491843,cpnelson,112,100,772355,58
11491976,Storm1941,2767,32,228831,160
11492247,blanosul,0,1,967,1542
11492559,commander+cody,0,0,0,2674
11492602,kleinBliksem,60,1,332,1925
11492683,seyfullah3458,0,1,2445,1122
11492706,aizen23,1308,4,10574,719
11492748,dllb,3283,3,6300,842
11492922,manulhr,367,1,378,1875
11493057,Pvilla,79,1,1672,1304
11493248,Geralt+de+Rivia,79,1,1923,1236
11493450,ping13,0,4,12385,681
11493824,Ramones,0,1,562,1734
11493885,negrek,475,0,0,2675
11494162,Harry6,0,1,36,2447
11494228,Jfelao,79,1,2970,1036
11494711,vsendemir,0,5,16151,635
11494985,manuel13,13,1,847,1597
11495131,wervin,0,0,0,2676
11495219,Didde,0,1,716,1650
11495226,Kralj+Kralj+nejc,2903,1,2370,1139
11495674,formkille,469,1,1918,1237
11496463,Dr+vanhelsing,2544,59,348584,122
11497424,InfamousPaanda,0,1,87,2287
11497547,TheChef,0,1,454,1804
11498003,Kiki01,900,0,0,2677
11498014,CantSaveThemAll,519,26,226774,162
11498190,Ik+Siong,3376,1,731,1647
11500642,Django009,0,1,1643,1309
11500927,D.3.X,0,2,3746,966
11501109,Slakthus,2964,1,6306,841
11501255,Bear..,0,1,2252,1167
11501451,fantaa,0,1,36,2448
11501504,MADVILLAIN,0,1,36,2449
11502163,KOYRABIES,2903,9,70221,324
11503086,lnwza007,4166,1,831,1603
11503260,Helbeng,377,65,531291,89
11503375,Grazzie,3805,1,218,2070
11503966,Lowe,793,1,324,1926
11504043,Francezul95,2859,11,42616,422
11504509,Madmike531,903,17,126074,241
11504568,zapatistas,0,1,36,2450
11504673,asdfa1234,0,1,291,1968
11504800,Du833,0,1,91,2280
11505569,A+king,3128,16,64885,335
11505862,ChGravdal,0,1,58,2324
11506153,mskrabaster1,3898,4,14087,662
11506329,luluki,23,1,1054,1507
11506383,Cosmic+Antagonist,0,1,338,1910
11507413,Demonic+Luwai1821,0,1,158,2156
11508052,Caleb69,2206,1,205,2084
11508615,namekhall,4180,1,2825,1055
11510002,alaks,0,1,36,2451
11510101,Redbull39347,3381,21,80327,304
11510123,Cranberry+Sprite,0,1,435,1815
11510710,thomas182012,0,0,0,2678
11510795,Kasmok,0,1,36,2452
11510891,mokus70,0,1,36,2453
11511116,Gelomeister,0,1,36,2454
11512291,stevo89,3128,21,93860,280
11512795,Da+Caucasian+Rastafarian,4181,1,1040,1518
11512907,nisse84,0,0,0,2679
11512990,lemonade241,2094,14,77244,310
11513446,barnaborsosz,167,0,0,2680
11513709,Marlboro.,0,1,36,2455
11513813,jamieKhunter,4219,1,3482,984
11513858,Atlas+Pandora,8,11,32948,467
11514070,Light+bearer,1088,1,2231,1170
11514504,mintykendall,4267,2,7877,784
11514624,racman7,479,32,279136,139
11515897,diirrp,0,0,0,2681
11516193,Tonypoutine,0,1,36,2456
11517797,ModernBCB,2826,1,2775,1063
11517971,mitja234,14,2,4123,943
11518142,Theangrylime,648,1,424,1827
11518205,bosk,747,1,151,2172
11518282,amba,4181,1,425,1826
11518465,Kung+elias,0,1,36,2457
11518998,askgutten,3133,0,0,2682
11519073,haoss,0,1,788,1630
11519127,David55,0,1,410,1840
11519668,akxrah,0,1,2205,1174
11520119,Tia+Dalma,0,1,2605,1091
11520408,QualifiedNooB,0,1,2269,1157
11520517,henkel,0,1,353,1898
11520529,Ralkut,0,1,47,2337
11520662,Cebelica11,0,1,3671,971
11520855,psohlavci,1289,1,736,1644
11521301,swakigwapo5,0,1,36,2458
11521321,Boswell,2428,10,63285,343
11522507,krillin,645,1,434,1818
11522530,Loto,1612,1,2698,1080
11522830,whitenail,4063,5,21786,565
11523474,hoooooop,1115,14,86142,296
11524051,Davidvznd,0,1,457,1802
11524392,gassar,100,1,151,2173
11524768,jeffmaname99,0,1,1349,1410
11525054,Pa3kSLO,3787,1,131,2207
11525104,AKP55,1088,1,67,2317
11525269,zaffroman,0,1,1327,1419
11525579,SveinH,0,1,1899,1246
11526954,kenshinzippo,645,1,1637,1311
11527470,Junglist,560,1,515,1766
11527583,Dirtyharry94,4183,2,2737,1069
11528469,yarcan,610,1,519,1762
11528482,kobe+s,366,1,101,2248
11528584,Dillkorven,9,2,6435,833
11528979,Huraaaa,4189,1,123,2215
11529940,slabi+lik,903,21,142957,222
11529945,tyke96,2667,0,0,2683
11530161,Orphan,0,1,12140,687
11530722,Lilgelle99,4099,1,244,2040
11531037,sajber+dregon,2094,23,181070,187
11531081,Almighty.,3076,1,36,2459
11531283,hojak3,4108,1,3764,965
11532200,Lady+Madman,2964,10,57744,363
11532349,no+thanks,0,1,36,2460
11532441,Beky,2544,3,18237,611
11534163,Klister,0,0,0,2684
11534528,BarakKor,3875,1,4287,929
11534798,Tom+York,328,1,3269,1004
11534880,daniel1,377,41,309852,130
11535206,Vestreboss,2486,1,36,2461
11535695,nixonokonos,1790,7,19941,583
11535784,EmberAmarie,2212,21,63861,339
11536783,tigerellie,2859,38,256722,148
11536813,nunga,2603,15,71762,322
11537103,Dominator22,677,8,42468,423
11537664,Joelcollins92,0,1,227,2055
11538780,Arny,1685,1,6747,815
11539154,antonski9495,0,1,36,2462
11539270,tzalak,0,0,0,2685
11539564,JKH95,377,34,242131,154
11540057,GalenChokladkaka,0,0,0,2686
11540091,Greyhair,4249,36,233877,158
11540192,Angshouse,2212,21,134649,228
11540201,ThePoot,1115,46,388242,114
11540346,OdinSon,2842,6,16181,634
11540994,LadyMichelle,988,1,551,1741
11541393,Mircea995,112,76,603922,74
11541854,Deano.,0,0,0,2687
11541945,acadia9,2603,1,3178,1016
11542820,KenjiK,1652,1,415,1834
11543386,nongwa,4077,5,19060,598
11544222,Hrolv,793,1,2544,1108
11544449,jz25,4249,72,659838,69
11544495,cbf1027,0,1,415,1835
11544816,horda+tigrov,0,1,136,2200
11544821,sist,0,1,1009,1524
11545365,JamesPM,903,10,50696,390
11545803,MasterJT,0,1,1030,1523
11546354,Evilendless,0,1,36,2463
11546443,Snajperu,0,1,1005,1525
11546878,Vank1s,2677,1,4218,936
11547151,a.K.a+No+Life+Alex,0,1,36,2464
11547498,Ron3201,112,190,1743029,16
11547600,Pacific,4264,0,0,2688
11547756,sesko,14,1,2617,1089
11547807,Dr+Wolf,0,1,479,1788
11548196,Billmarin,4042,1,4438,917
11548217,Jackmallitte99,4111,0,0,2689
11549331,TheTrophySamlern,0,1,36,2465
11549408,wisdomBoy,3128,5,11680,694
11549635,wasu,0,0,0,2690
11550183,silverwizard1,278,1,2762,1064
11550313,DeathHunter,0,1,36,2466
11550625,zakapiorek,1088,1,293,1969
11551116,Manmohan,0,1,86,2291
11551548,kmjetms,111,1,231,2050
11551551,wariona,2212,14,47294,407
11551707,Scythe+Advatage,3906,7,24659,532
11551762,lancerlot,3265,1,932,1561
11552136,ruab,3201,1,1571,1335
11552349,gazzaw19,77,1,1053,1508
11552476,cherokeet,0,2,7185,804
11552630,Lord+atakan,648,5,15332,644
11552654,.Greazy,112,110,872112,47
11553039,killmaster2006,0,2,6346,838
11553041,d%C3%B8den99,0,1,1480,1366
11554814,Jason.Statham,2964,11,46030,411
11555025,SVGhost,21,1,1477,1367
11555069,Taaskudd,2767,5,15948,637
11555653,Larena,21,1,1897,1248
11555908,savoritz,4028,1,1353,1409
11555999,gabyfox,0,1,1537,1349
11556119,Zamero,1958,1,1462,1372
11556123,Tuckie,0,1,1640,1310
11556288,Ransyd,36,1,1481,1365
11556496,Sonu,377,35,215531,170
11556770,dragon18974,0,1,684,1666
11556863,Hellhammer,0,1,195,2097
11556887,Lombardini86,3021,1,2709,1077
11556943,Kierenl8,4272,7,17071,622
11557083,Raoulen,2212,6,26901,512
11557293,nchi2,0,1,3202,1013
11557310,malph2,0,1,3743,967
11557320,rannomom,3560,1,4178,940
11557742,TransmitCop,903,8,35485,455
11557774,yattoakai,21,2,7251,801
11557924,Bowale,645,1,1308,1427
11557940,Inet,0,1,2118,1191
11558148,LimaWarriors,0,1,819,1608
11558171,DAVIDJIN,0,5,23242,546
11558172,Red+penguin,0,37,180405,188
11558174,ieesun7754,0,14,53903,378
11558175,overdose,0,22,85107,298
11558907,Central1,4249,21,179192,189
11559237,radootr,122,75,601694,76
11559439,Myzenko,2165,12,35793,454
11559780,Judpizz-,2251,1,799,1618
11560088,jurcab788,4077,8,40190,433
11560245,bluefirestorm,3465,1,2550,1107
11560394,Full69Control,677,18,74352,315
11560448,Mr+PERFECT,0,1,1441,1379
11560556,Sonstan,0,1,674,1671
11560604,Grimlock,0,2,4635,902
11560641,Hawk-eye,0,1,976,1537
11560873,Mateev,0,1,1581,1330
11561144,Axonius,479,7,64344,337
11561270,Slim.,112,86,664520,68
11561567,cityoflight,111,2,8381,765
11562033,picamen,4042,7,27837,502
11562341,tadlweis,60,1,243,2041
11562573,camel,101,0,0,2691
11562751,laser99,4249,30,235532,156
11562759,Shatter,903,24,130836,234
11562791,karrekarre,0,1,457,1803
11562993,PanthiraS,0,1,2332,1145
11563297,Nissekrigare,21,1,2566,1101
11563379,Zubat,0,1,775,1626
11563423,Tarzan3,2767,18,101056,268
11563457,Anmut,2011,3,8957,749
11563477,vuckobih,0,1,831,1604
11563820,medeltiden,0,1,100,2253
11563951,Blixstenbro,4249,78,639333,70
11563992,Since+1926,163,1,3175,1017
11564072,GreenImplosive,0,1,2255,1164
11564532,The+Count,1866,5,12508,680
11564558,Cauchardkid,2767,3,23105,517
11564682,posidon,4249,73,566177,81
11564724,kurtfk,3384,3,6969,808
11564788,muger59,649,0,0,2692
11564971,Heparus,0,7,53667,380
11564997,mijr842,4063,6,29571,490
11565077,mr+pepper,0,1,245,2039
11565197,Healer,0,17,128694,237
11565244,raveone,0,1,36,2467
11565306,Intimidator305,2212,18,59752,355
11565557,joanna1981,1197,1,1890,1249
11565677,Flowering+death,0,1,770,1632
11565768,mike0125,0,1,36,2468
11566051,Steve04,2293,0,0,2693
11566342,pali,0,1,36,2469
11566343,CAVCT21,4249,57,378067,117
11566345,gotdeguns,3977,0,0,2694
11566472,LordOfSolupa,381,0,0,2695
11566546,antoine1010,560,1,1880,1251
11566571,Django88,4270,1,1915,1240
11567120,Kaboutalaf,0,0,0,2696
11567474,schavis,14,2,5245,872
11567696,Shadow1285,8,10,49539,395
11567759,Chewy,4249,62,459140,103
11568269,awpi,677,18,128438,238
11568275,ThomsDirtyLittleHacker,0,1,51,2335
11568289,Cosa+Nostra,1088,1,644,1686
11568306,Adoox1,0,1,36,2470
11568547,geop,406,1,4408,919
11568691,shjamess,0,0,0,2697
11568849,Dont+Mind+Me,2767,141,1134372,31
11568874,TeoAleyx,793,1,1385,1399
11568934,dux2311,0,1,628,1694
11569029,Joey2902,3616,3,10932,711
11569288,Guan+Suo,0,0,0,2698
11569497,Diti7,0,2,5321,868
11569640,Fairy+King,0,1,417,1832
11569649,fufuq,4114,10,21718,566
11569675,Marko777,3616,7,32921,468
11569801,StijnVr89,0,1,267,2008
11569915,suck1020,903,17,119512,250
11570043,DrArab,0,1,36,2471
11570339,teo51,0,1,2418,1126
11570683,jetiikad,649,0,0,2699
11571058,ScrubLords,1115,242,2151526,9
11571130,Ghavin+Gathan,52,1,2756,1066
11571192,SirDunLaugh,1866,3,21654,567
11571201,Robbinish,4114,5,12192,686
11571206,jalvarezp,64,0,0,2700
11571712,liff,0,9,16445,631
11572230,IceManXoXoXo,2815,5,15701,641
11572314,Danim,610,1,2914,1045
11572407,Cedinza,2405,1,316,1940
11572429,Daniel+F,0,1,159,2151
11572829,vitoon,4268,1,3375,995
11572860,AgentThor,381,1,3549,978
11573145,jnrd,1070,88,493889,95
11573152,Poachercamel,1834,1,947,1550
11573192,Thelvarr,1735,0,0,2701
11573416,joelfc9,2105,3,25743,526
11573455,Iven,4181,1,982,1532
11573494,vitoon2,395,1,167,2136
11573618,BlaKy,0,1,2604,1092
11574042,unkatus,0,1,2401,1130
11574091,Wsxmlp,395,1,1583,1329
11574155,TheComander,77,3,12959,678
11574189,Edcgy,395,1,110,2231
11574196,Phan,239,0,0,2702
11574201,donotdestroyme,560,1,435,1816
11574210,Rfvhu,395,3,9987,730
11574217,stompingpenguin,0,1,36,2472
11574287,Ballcuzzi,677,27,135215,227
11574304,drois,677,3,11713,693
11574409,Tgbji,2380,1,1157,1478
11574447,keihwang,2859,29,146212,220
11574558,bj%C3%B8rnen,526,2,4354,925
11574564,uriklafuria,0,0,0,2703
11574622,Yhnko,395,1,1397,1395
11574715,Qazdr,395,1,93,2277
11574964,Zdrfv,4268,1,1800,1270
11575018,digbaddy69,3813,1,2305,1151
11575102,ChooX2Go,2767,5,29415,491
11575192,Xftgb,4268,1,608,1704
11575213,polax,2365,42,296573,134
11575301,gadz,377,117,1109537,33
11575343,Cgyhn,2380,1,1436,1381
11575394,graham8124,4108,1,8564,758
11575557,Hilmar,4291,1,7199,803
11575572,bkearney56,0,0,0,2704
11575577,kuskita,0,0,0,2705
11575619,Vhujm,395,1,2415,1127
11575667,ballchanon,0,0,0,2706
11575679,gokudo,576,1,1551,1345
11575770,Bolfoozz,0,1,1698,1299
11575815,Kucha,0,0,0,2707
11575848,egeltje,0,0,0,2708
11575851,Mrhahn,8,0,0,2709
11575919,sami38li,0,10,52739,383
11575975,lukepall,648,1,347,1903
11576246,Lema,903,17,109916,257
11576247,MindBlown,0,1,1534,1350
11576386,Dark+HArbinger,2903,5,21560,568
11576542,Octane,163,1,990,1529
11576580,razvan679,4249,26,198401,178
11576585,kart80,1428,1,476,1789
11576664,Siren69,709,1,2316,1149
11576725,Connexxions,36,1,568,1732
11576982,PapaM,0,1,36,2473
11577025,Zmija+ksks,38,6,22030,562
11577029,spjuts%C3%A5ng,8,7,32084,478
11577078,elisean97,2964,8,28388,499
11577091,Lefsa,4249,64,506834,93
11577234,voltaire,3661,5,16942,626
11577273,paulpalisoc,1519,0,0,2710
11577438,Nemirphen,366,1,2422,1125
11577536,slovencelj,566,5,19664,589
11577590,bobby+the+dazzler,1088,1,2146,1183
11577701,N.Blackhearted.N,677,19,124053,242
11577783,lampa1,702,1,170,2133
11577818,BeEzYFoShEeZy,0,13,48304,400
11577828,Syvek,4174,1,98,2260
11577836,dannybingo,586,4,15866,639
11578026,OK20,903,11,58676,359
11578041,Thumper93,0,1,36,2474
11578044,Toolo98,0,1,137,2203
11578090,Jepser,702,0,0,2711
11578102,newstyle,443,26,152100,211
11578185,King+rastafarian,0,0,0,2712
11578228,Jim006Jam,2258,7,34636,460
11578253,Anastasiakampana,18,1,2562,1104
11578280,djomlex,519,25,170077,196
11578412,minter,0,2,14890,655
11578473,LUCASBRASI,0,0,0,2713
11578515,LeeMc,0,1,139,2199
11578561,SprinterUsta,526,136,1189109,30
11578588,JbfromSC,0,1,220,2065
11578591,JV.Hultan,0,1,2122,1189
11578716,AndiOnFleek,519,10,63116,345
11578741,lord+simi,519,36,286218,136
11578751,theImpaler.,122,89,776370,57
11578795,schapes,443,69,493809,96
11578854,Big+Nick,0,3,7362,797
11578902,Weedko,566,1,681,1669
11578932,aljo06,320,4,28769,494
11578954,finncepti0n,2212,9,48656,399
11579057,FloralChipmunk,0,1,318,1937
11579280,oxid,2094,14,83951,299
11579281,kerkm,0,0,0,2714
11579326,silviinha,1064,1,2986,1034
11579334,ritinhag1,1064,1,4083,947
11579369,TimotejMa,1260,1,896,1574
11579415,Hoshiko,985,1,1169,1475
11579549,Premzl80,3133,0,0,2715
11579579,derpy,0,1,36,2475
11579587,krakmelis,2834,2,10600,717
11579693,Dekusins,4108,0,0,2716
11579752,BNorway,14,1,816,1610
11579776,pruyst,0,1,112,2226
11579844,Charliekains,1064,1,178,2127
11579861,Triscel,1062,9,27330,507
11579940,copelaax,1337,153,1451535,24
11580006,ReguLate,1337,54,466456,101
11580080,urh2000,0,1,314,1945
11580092,Griffoendor,0,27,172316,193
11580154,kraljababo47,3648,1,101,2249
11580185,VJERNE+ERE,1477,9,52461,384
11580247,erlyns,2834,1,2277,1154
11580251,357kg,3267,1,2458,1120
11580303,cvijetin1997,3384,1,3696,970
11580306,jonathan.D,1175,1,2336,1144
11580421,luka2000,0,1,36,2476
11580424,badmadame,793,0,0,2717
11580434,Sir+Loin+Tip,328,1,1628,1313
11580443,Judicator,1308,3,15028,649
11580505,72sweden,0,1,1025,1519
11580536,ItsMeStevieD,2903,3,10138,726
11580545,oversikt,0,5,22970,552
11580546,Lipa,2834,6,21276,571
11580642,Borstein,0,2,2576,1100
11580727,Minted+Lamb+Chops,1337,185,1515380,22
11580752,Libarnuk,1062,15,47488,406
11580759,mralucard,0,0,0,2718
11580799,dillenburg,0,1,36,2477
11580804,ASYALI,526,2,21133,575
11580860,goody3394,2105,21,128875,236
11580885,EJBreznai,0,21,91752,286
11580915,Zamorak07,3906,3,8323,769
11581025,Wooden+Shoe,204,1,2558,1106
11581040,masjter111,988,1,979,1535
11581045,lolek99,0,1,354,1896
11581138,svetre11,0,0,0,2719
11581164,Dupont,519,25,172531,192
11581194,J-Money,4101,0,0,2720
11581237,antonio666,2365,19,147419,219
11581259,DannyJay,2011,1,2211,1173
11581282,matteomoensmateke,0,1,36,2478
11581301,rukantankkaus,0,1,86,2292
11581346,Cmarc,3647,1,2085,1195
11581397,Toonakay,3021,1,127,2212
11581406,redoak,3875,4,7988,780
11581437,crt109,0,1,116,2222
11581532,Esthar+C,644,1,1660,1306
11581584,eosfae,3128,14,56448,366
11581739,Submax,0,2,11228,705
11581774,Bishop237,112,184,1477180,23
11581801,Kung+Henry,1390,0,0,2721
11581803,bmoretony,1308,2,7491,796
11581812,Ganjaman445,1390,1,690,1662
11581822,mihai+24,0,1,1407,1391
11581861,toknenong,0,1,3393,993
11581896,Mannedutt,0,12,22884,554
11581944,Monman,2603,11,65892,332
11581950,General+Cooper,2122,1,395,1853
11581953,Mysame,3088,0,0,2722
11581998,no.klemen,1308,9,41839,426
11582012,Difficult-boat,2165,2,5303,869
11582057,Ludo+Poppe,1256,3,15971,636
11582072,daveharrison,1260,2,9165,746
11582111,Malcolm,3875,4,16392,632
11582155,BlackLotus,1443,7,16903,627
11582177,an.da90,0,0,0,2723
11582229,hamerboj,0,1,395,1854
11582289,mallumo,1308,12,47675,405
11582311,smashem,462,1,99,2256
11582378,TRNigeL,1601,1,36,2479
11582397,Silverlight,0,1,360,1888
11582516,soksal,0,1,3929,956
11582550,boru113,1866,1,4835,890
11582594,chris80,2744,0,0,2724
11582648,joethompson,2808,14,59635,356
11582660,Sir+Klas,0,1,36,2480
11582721,Autumn+Leaf,1866,2,18023,613
11582843,NIKKI078,2428,7,19324,593
11582886,Funshine,8,5,24783,531
11582897,L00L,4262,1,36,2481
11582959,Alienista,3647,1,1736,1286
11582989,rotar,2568,1,121,2217
11583129,Dogtor,0,1,274,2000
11583189,GRBAVICA,14,1,1207,1461
11583235,MalKenEng,0,1,3387,994
11583256,Lord+Gaumen,0,0,0,2725
11583271,Clangy,2428,8,28313,498
11583275,DKLee,0,1,492,1775
11583360,dpjfinlay,1706,3,9421,741
11583396,kojiproduce,2165,4,20366,580
11583425,Hitam+den+1a,3133,1,91,2281
11583433,civaco,0,0,0,2726
11583490,RenegadeLlama,4285,22,39175,435
11583495,Mrgerfex,0,0,0,2727
11583526,chiefj5,2212,6,23233,547
11583559,Beogradski+djetic,0,1,43,2338
11583666,xOKOx,0,1,36,2482
11583677,Bayangan+Rizky,1519,0,0,2728
11583722,Ryanovv,1696,1,1339,1413
11583728,Ronta,0,1,842,1598
11583789,Black+Chaos,0,0,0,2729
11583808,Murtaza+Tahir,0,1,1221,1457
11583813,Haunter,0,1,36,2483
11583848,KI-MU-JI,2985,1,1565,1337
11583875,HAC9,1443,21,131343,233
11583940,A4B4B5E,1390,1,2493,1114
11583949,Buzimljan,1781,1,592,1718
11583974,harmonicA,0,3,5995,849
11584022,Triniti+01,0,1,212,2074
11584076,emrikano,1390,1,2781,1062
11584085,D.K.,1115,69,507640,92
11584103,Tommooo,1866,16,94753,277
11584283,killersodur,1866,20,99718,271
11584318,Mr.Bomb,0,1,148,2182
11584467,Rainblackfire,3128,5,35912,453
11584509,Nathan.see,2968,0,0,2730
11584516,DJDejan,0,8,13608,670
11584627,No+Help+Zone,4238,2,9791,734
11584687,Evenywg,3786,1,909,1567
11584721,Jerci123,0,0,0,2731
11584722,kill+dem+all,4166,1,426,1825
11584774,MrOpanak,602,0,0,2732
11584859,NoHear,0,7,27462,505
11584945,alexjparker,3376,0,0,2733
11584960,DisGuy,1402,1,36,2484
11585046,warblade2020,519,5,37728,440
11585066,Master+Leth,0,1,1433,1382
11585108,spijun,0,1,42,2341
11585169,Guest585169,363,1,410,1841
11585279,rendraz,1411,0,0,2734
11585343,amans,2094,20,122766,244
11585408,Shiroo74,3066,15,81496,303
11585418,Juggman,1411,1,335,1914
11585459,gerula1,1937,1,1154,1479
11585513,alexisdead,2062,0,0,2735
11585521,Kahvx,1308,7,21500,569
11585589,Mr.+Nameless,677,21,98051,273
11585672,stipe42,3601,1,92,2279
11585758,bradford,1337,33,268492,142
11585849,simdip77,0,2,5223,875
11585862,Brentw,3066,40,215656,169
11585878,hanjm1976,2094,25,126873,239
11586069,KeDaHu,0,1,564,1733
11586086,simsimsim,0,1,5906,853
11586087,peroo10,4131,1,198,2095
11586091,Tom1860,4111,0,0,2736
11586160,Bigrusty,670,1,3045,1029
11586177,ADii+Santos,3985,0,0,2737
11586272,AngelofLove,0,1,144,2192
11586305,NasrenJake,4107,1,1078,1496
11586351,Jakob123,0,0,0,2738
11586369,kainu,0,5,19822,586
11586391,carlos999,0,1,3105,1023
11586403,llShadowll,0,1,869,1589
11586480,Miracle,2165,2,7341,798
11586493,Direwolfcry,2767,9,68543,327
11586508,Humongous+Fungus,1801,1,297,1963
11586516,Werewolf,2962,1,107,2237
11586557,Kaitaku,2990,1,4764,893
11586649,Jurbajs,2165,0,0,2739
11586708,theoldduck,1308,7,22539,560
11586745,tjern,2667,1,1499,1362
11586750,OCDPLayer15,2365,11,73201,318
11586893,jmb272,2313,1,359,1890
11586938,mgn306,0,1,746,1639
11586972,KingSlayer24,0,1,618,1700
11587035,majdo555,0,0,0,2740
11587062,dog1002,0,1,2817,1057
11587085,Jamitty,2230,1,5234,873
11587120,Green+Dwarf+IV,0,1,36,2485
11587125,GrannyFoundTW,0,0,0,2741
11587146,Whiskymichi,0,0,0,2742
11587153,PowPow,2165,2,8179,774
11587228,Mauricejkr,4282,1,195,2098
11587412,TheScorpio,4001,1,5231,874
11587445,bigmike37,3603,1,2707,1078
11587446,Guest587446,0,1,986,1530
11587448,Zoltron22,0,1,109,2233
11587473,Jazon,0,1,2239,1169
11587482,mali1234,0,1,1029,1517
11587560,jdhuggett,4036,1,2883,1048
11587631,monichinthala,0,0,0,2743
11587672,MrSM0K1E,2258,23,126530,240
11587673,YoshiShagger,2258,8,14904,654
11587789,Cherule,0,8,21163,574
11587799,dantewh,0,0,0,2744
11587842,A.+Misaki,0,1,38,2348
11587937,vebro,3029,1,1989,1223
11587983,Romeos007,0,0,0,2745
11588001,James+Carter,0,1,2401,1131
11588027,Zacor,2313,0,0,2746
11588028,Sovereign+Ninja,443,43,263156,144
11588041,DynamiKxF,2094,36,175304,191
11588044,c0r0navirus,0,1,323,1928
11588108,Cactoooos,2258,0,0,2747
11588134,wewe20,2767,27,167540,198
11588143,dpoh89,4209,1,322,1931
11588181,Roi54,2603,3,10450,721
11588182,pyroman713,0,0,0,2748
11588248,Quarantine,2258,26,184539,185
11588332,Bjiuhv,395,1,104,2243
11588365,HardShell,0,1,2011,1215
11588485,Nkoijb,395,1,2924,1044
11588495,sammyal99,4077,1,488,1778
11588522,Ujmmju,395,1,3964,954
11588529,Disruptive9,648,2,5551,865
11588546,jqtrisna,0,1,1863,1256
11588698,The+Kardashians,1443,0,0,2749
11588771,mueez,0,0,0,2750
11588826,I+am+back...,2283,2,11965,689
11588879,ccm42192,443,12,71450,323
11588911,nanzer,1337,101,886436,46
11588919,Piracy,0,1,1191,1468
11588974,BlackSkull09,2119,1,3590,976
11588988,yaboifrank8,4108,3,18977,599
11588998,northnivit,0,1,1321,1421
11589034,JordanPD,4293,49,283154,137
11589035,Flagrans,0,0,0,2751
11589113,XAUmaster,3721,1,2446,1121
11589115,KinghillsPRO,0,1,85,2295
11589156,Jinjiruks,14,1,830,1605
11589290,Ikooki,395,1,2925,1043
11589302,sirdabsalot,2603,1,4149,942
11589311,kingtal1123,2360,1,554,1739
11589440,Sanoj,4273,3,4437,918
11589511,johan9901,2631,1,1983,1225
11589516,ebierer,1308,13,54599,376
11589531,Zebarc,2258,9,35111,456
11589617,eviljohnhead,0,1,152,2170
11589619,Pwncrackers,2677,5,17610,619
11589719,neilbrynt,0,1,354,1897
11589744,craziinathan,2365,23,161190,205
11589751,King+spiegelei,4042,2,6029,847
11589753,Olpplo,395,1,2065,1203
11589862,aew17,1308,15,51835,385
11589875,n0nsense,2842,18,87799,294
11589926,vibetribe01,648,2,5810,857
11589965,SamMcC93,443,5,23986,537
11589978,sypon,3381,4,14044,664
11589980,WhyMio,0,0,0,2752
11589982,Not+Dead+Yet,2365,26,103030,266
11589985,Lisa72,2631,1,282,1982
11590051,Danjohmar+Warrior,2105,2,4741,894
11590126,Ex+Fenix,4042,8,28463,496
11590144,Guest590144,280,1,1613,1322
11590168,Damirami6,2677,6,28412,497
11590190,John-Henke,2903,12,79472,308
11590200,2020,2903,5,11350,703
11590210,smagma,2210,1,36,2486
11590341,Guest590341,0,1,36,2487
11590353,dodorodo,8,8,32249,474
11590375,Ac3Th3BMF,0,0,0,2753
11590429,Nimbai,443,56,353635,120
11590505,Asteria,2365,25,213660,171
11590521,horner.,2788,13,56296,368
11590538,Pasha,2105,18,55199,374
11590545,Packman1980,2758,1,246,2037
11590561,Henrinator,2842,0,0,2754
11590576,Chillow,0,1,83,2299
11590604,Elfspice,0,0,0,2755
11590607,SirTriv,0,3,7672,790
11590616,Sammutin,3603,0,0,2756
11590652,Personne,0,1,6365,837
11590711,Marin5,0,1,2735,1070
11590726,Sreco009,3898,12,36467,449
11590775,Orik247,38,1,772,1631
11590813,manuelo,0,1,2228,1171
11590980,Templar,0,1,68,2315
11591055,BLACK+MAMBA,3267,1,3421,987
11591072,fairy+tail,2650,0,0,2757
11591105,Dope+Boy,3143,6,13485,671
11591117,greybob3000,2788,2,13659,667
11591137,Carlson2020,2677,9,41594,427
11591168,Simon.j,2758,1,249,2032
11591199,oli250defo,0,1,2898,1046
11591230,wellbe98,2163,0,0,2758
11591266,MMM08,2859,45,242248,153
11591290,trusty,0,1,2005,1219
11591302,JayJay,2677,8,37490,441
11591306,amincloud13,0,1,36,2488
11591308,ParSS,2677,12,59075,358
11591347,jankusar,2971,2,4931,885
11591426,hocevar,0,1,1665,1305
11591438,jemjo,988,1,1610,1324
11591449,deemzet,0,1,402,1847
11591460,fox24040,443,153,1061260,35
11591567,Awsx,395,1,110,2232
11591662,Guest591662,2603,11,48685,398
11591708,pardzpesonet,3381,1,3632,974
11591715,punisher801,2699,1,316,1941
11591744,kevingiggs,2677,10,43748,421
11591751,darkchance,4108,5,18586,605
11591754,julli,0,1,36,2489
11591763,Boamond,8,7,25866,523
11591764,svindlarn,443,10,55766,370
11591850,-ScanderbeG-,0,0,0,2759
11591889,Bekisar,0,0,0,2760
11591922,Captain-Hook,8,13,72305,320
11591936,Marre276,2258,36,225509,163
11591964,PUBAC,2859,10,46940,408
11592007,TXS18,0,1,826,1606
11592066,deanith,2903,18,97965,274
11592122,Jellyfishands,443,24,147645,218
11592134,bizzyjay,2258,8,36180,451
11592136,iam.btp,4077,3,17666,617
11592197,Kiappa+37,885,1,4652,901
11592213,FirstAvenger,4212,1,143,2193
11592220,djepo,2964,2,4153,941
11592264,rohit1604,4077,1,267,2009
11592343,vadoo,3603,1,36,2490
11592376,vojnaplemen,3167,1,2076,1199
11592381,Zephiro,2842,0,0,2761
11592399,Muraly,2859,26,150497,215
11592402,Joecool,4077,4,15673,642
11592420,samarthsingh001,4077,0,0,2762
11592434,syahogi,666,1,101,2250
11592485,whatishappening,0,0,0,2763
11592494,Fitchtufer,2212,22,83294,302
11592499,nandodesrivan,0,2,5586,864
11592511,Blakulous,2859,7,27270,508
11592517,DocKeane,2859,23,91312,287
11592573,minas1326,3903,2,4716,897
11592625,Martine38,469,1,981,1534
11592675,LadyCampbell,0,0,0,2764
11592738,Baltoks,2122,1,4465,912
11592841,drood,0,2,17598,620
11592888,-thorn-,0,1,2464,1119
11592903,Dain+Ironfoot,2903,25,153847,210
11592922,jaanque,4198,1,957,1544
11592964,hasco1903,0,0,0,2765
11592976,Vlain,3484,3,6683,818
11592980,Popa000,0,5,26674,514
11593052,Clone+wars,4042,3,14706,657
11593081,nicke0104,2964,8,36812,444
11593082,Flow3r,0,1,36,2491
11593094,mits0s,2859,15,79492,307
11593101,hive101,4108,1,4665,900
11593138,Pyrate,3603,5,13265,673
11593173,niceone,0,1,896,1575
11593178,Wooolek,3381,4,16992,623
11593183,chubyboy,4042,4,19827,585
11593185,Dalskad,4042,2,6889,812
11593187,slowloris,2859,58,308172,131
11593240,obijackanori100,0,1,68,2316
11593277,chelseajean,0,1,1333,1416
11593306,votingstar,3265,0,0,2766
11593346,Darkforest2,0,1,1554,1341
11593398,Larice,0,5,11672,695
11593404,Azufel,2677,5,10715,716
11593412,Dargolath,0,1,482,1783
11593446,Lampyridae,2921,1,3048,1027
11593449,Turambar,2903,37,238519,155
11593476,Zederikus,0,1,2438,1124
11593485,Ahilus65,4051,1,408,1843
11593489,LordCarlier,0,6,28926,492
11593498,FoxtrotDelta,0,1,36,2492
11593500,Tzacanici,2834,20,131739,232
11593535,Raciborough,2650,1,3090,1026
11593552,Kentalopagus,2815,5,9182,745
11593620,NeilBFormy,2921,5,22553,559
11593621,TurboJaris,4273,2,4183,939
11593673,Hircine,2788,28,169070,197
11593704,firebug01,2677,5,17395,621
11593711,FrozenFire,3951,16,78771,309
11593750,BabeKikoKo,3483,1,775,1627
11593777,Mordoc,3267,1,106,2239
11593779,kupeli,2903,13,75139,314
11593881,AJ23,0,1,664,1677
11593902,snickarn1,2971,0,0,2767
11593966,bojanchex123,0,1,2445,1123
11593969,FatJuan,2971,0,0,2768
11594014,kuley,2859,52,262047,145
11594069,Bukowskii,2758,1,1500,1361
11594074,BigSpajs,2212,15,55635,371
11594086,Steinara,0,2,5990,850
11594117,poll+tergeist,3083,0,0,2769
11594133,jessie519,2105,5,16664,629
11594169,timur+bozok,3267,1,1704,1295
11594205,canoza88,4077,11,58312,361
11594208,racemwb,4077,2,15169,647
11594257,Moneyteam,0,0,0,2770
11594283,zroksonz,2778,1,7002,806
11594336,Keebler,3906,1,1460,1374
11594367,Twizzter,2650,1,2264,1161
11594390,Outhouse,2842,6,24583,534
11594408,Jhon,469,1,743,1640
11594446,B10ND-B01,0,1,6402,835
11594462,deathwatch,0,0,0,2771
11594485,TacoMendez,36,2,3313,997
11594600,Odd+Abshire3,0,6,19770,588
11594658,mahmoud+hmz,0,0,0,2772
11594663,m0naZtrell,0,0,0,2773
11594672,Syncopic,2767,40,195023,180
11594677,Messenger+of+Fear,8,13,55977,369
11594678,HennyHaze,4188,0,0,2774
11594709,Guest594709,4111,1,1558,1339
11594724,yanxus,0,1,36,2493
11594742,Dally,2212,21,116408,253
11594758,ksm7,2815,12,40565,430
11594760,Supersize33,2815,14,42945,420
11594775,Wolfpack99,2105,8,51353,387
11594803,Periculosus,4223,1,1244,1447
11594810,AziraphaleandCrowley,3376,2,3537,980
11594892,Taina,0,1,101,2251
11594902,Guest594902,0,1,1087,1495
11594976,boakes4,3196,1,2344,1142
11595022,waret,2744,5,23162,548
11595040,DJJESUS,0,1,4042,949
11595043,tyvek,2859,21,91262,290
11595227,ItsMeTristan,3128,1,3531,983
11595251,Edde,0,1,158,2157
11595258,Grannyyy,0,0,0,2775
11595320,Bojack,0,1,36,2494
11595321,albinjac,4063,2,5985,851
11595330,DimpaLumpa,0,1,36,2495
11595331,Hoochangs,443,25,150746,214
11595383,lisslsv,2968,1,36,2496
11595439,mediclangevin,0,1,36,2497
11595444,MarcelLangevin,0,1,36,2498
11595492,Guest595492,3265,1,36,2499
11595513,Samibre,3381,4,18942,600
11595536,sgadc01p,3214,0,0,2776
11595544,feniks00,3167,1,117,2220
11595580,ElephantRider,2903,38,153941,209
11595608,Kalli,4077,13,41052,428
11595614,Pentic,0,1,36,2500
11595618,BobbyBrown,3197,1,36,2501
11595619,Yamazaki17,3197,1,2145,1184
11595623,slowtarget,1443,18,132589,230
11595657,Bengals17,2212,8,24589,533
11595711,JulesTheKid,2212,1,8247,772
11595721,Eightball,3616,1,2228,1172
11595724,Ancient+Knight,3376,9,21226,572
11595728,4bb4d0n,3286,1,405,1845
11595742,Copazz,0,2,5801,858
11595747,Scostta34,3505,3,8518,759
11595748,Poggalogg,885,1,1976,1227
11595769,Ugg296,2365,7,53458,382
11595779,gl0balplayer,0,0,0,2777
11595832,gaz856,3128,9,32672,472
11595853,benZz,0,0,0,2778
11595871,Maia2,2903,5,29856,486
11595949,Lilleauren12g,60,1,2067,1202
11595976,ToRRo,2964,7,38320,437
11596037,Kaioh,0,1,36,2502
11596061,Lord+kmica,0,1,36,2503
11596092,gert-jan.gj,3906,0,0,2779
11596094,TheNikolai27,3906,4,18522,607
11596135,dfrech,0,1,385,1867
11596143,stewyyyyy,4159,1,319,1933
11596163,Inst1nctive,2365,8,60783,351
11596172,Zloo,0,0,0,2780
11596176,DeceptiveZer0,2365,17,151625,212
11596244,kriwi98,0,1,1554,1342
11596252,GuGok,469,1,1627,1315
11596256,Karged,2631,1,2661,1084
11596267,P.CRNI,1428,1,381,1871
11596284,Stormbe,3906,6,25576,527
11596406,Lord+Lugnuts,0,0,0,2781
11596440,Wazzaaaa97,0,1,97,2264
11596470,Superbid74,4042,7,29953,485
11596490,flipryder,443,24,93930,279
11596587,kaps.play,443,18,65852,333
11596708,Aethelstat,3849,0,0,2782
11596730,OngHero,0,1,223,2059
11596734,msoromenho,0,1,36,2504
11596757,Zoggle,0,1,591,1719
11596789,chezzer,2365,4,19775,587
11596822,coleman089,4027,1,2279,1153
11596876,DannySilva,0,14,47975,402
11596879,Trucken,0,0,0,2783
11596880,PrinceZanni,0,4,8362,767
11596886,masenko,2011,1,314,1943
11596892,Haarkon,3505,4,11527,699
11596957,NoobMeisterCLN,2212,5,18892,601
11596987,SHIKAKA,4161,1,2061,1205
11596988,Zyarles,473,1,449,1806
11597018,Zenios,0,16,64282,338
11597027,magnum14,0,6,22831,556
11597059,Conman180,3434,1,1951,1231
11597077,GoldBox,2957,1,4987,883
11597097,Merhi,0,0,0,2784
11597101,Apan,3505,22,122374,246
11597180,Woezel,1402,4,13619,669
11597192,seanrrr,2105,16,53823,379
11597193,simon5941,3265,0,0,2785
11597197,dorinherle,14,1,4116,944
11597297,Isogonal,3851,1,1336,1414
11597308,sharkslayer,3616,6,35068,457
11597377,LockdownKing,2834,3,21183,573
11597463,Jnunes96,2122,1,3249,1008
11597492,darklok,3433,1,36,2505
11597502,kla15,0,1,36,2506
11597507,zarias,0,1,1812,1266
11597517,saliangi,0,0,0,2786
11597518,Rogun01,3434,1,1191,1469
11597535,JockMcSquawk,0,1,189,2108
11597592,slump,519,15,96843,276
11597660,kamel2f2f,0,1,36,2507
11597746,WhistleMood,0,1,36,2508
11597759,Bataljon,0,0,0,2787
11597775,BramO777,0,1,4275,930
11597785,Fritz+X,4078,1,1675,1302
11597795,Oepsie,2834,64,449683,104
11597852,dangillings1993,2859,27,93898,281
11597858,Guest597858,0,1,161,2149
11597890,chada76,2472,1,935,1559
11597901,Alexander123,4273,1,2680,1083
11597989,King+steele,0,1,399,1849
11597996,th+kingdom,3986,1,1613,1323
11598014,Zan51bar,3617,1,885,1578
11598015,pokerkiller1,2968,0,0,2788
11598128,Duke+Am,0,1,58,2325
11598146,reny,3964,3,4439,916
11598173,taaman1999,0,1,1060,1505
11598174,pato96,3021,1,1002,1527
11598185,klackle,2797,0,0,2789
11598200,Reaper+Drek,3128,6,16620,630
11598248,bhalgalix,0,1,1724,1287
11598256,Nordic+Vikings,3625,1,883,1579
11598277,H3rbert,4072,8,39939,434
11598296,Trigorious,2011,2,4922,886
11598403,Quantum+Eraser,1115,51,297460,132
11598416,mtimmermans,3128,10,47895,403
11598473,Jar+Reeve,0,1,2734,1071
11598511,Bolts,2105,22,113344,256
11598522,vaane,3265,2,2997,1033
11598527,klingon321,469,1,36,2509
11598597,lord+gluttonous,2842,1,5877,855
11598605,Rosulje,3505,2,5984,852
11598630,Blonde,0,0,0,2790
11598654,GeoManTx,0,4,8078,777
11598678,Marble+Queen,473,1,4821,891
11598689,ooshbean,3474,1,3544,979
11598722,GoZun0319,0,1,342,1907
11598757,Unholstered,2842,0,0,2791
11598763,Nongnim36,3906,6,15352,645
11598766,Lord+El+Professor,0,1,36,2510
11598829,Kurjajuhca,3167,0,0,2792
11598925,merqvast,2677,0,0,2793
11598987,Eimantas,0,8,15906,638
11599128,arindam,0,1,814,1612
11599185,HakanaMatata,3559,1,368,1882
11599248,Dirty+Mike,2767,18,122944,243
11599283,otregrey,0,1,2242,1168
11599394,qwerty94,2834,19,105588,262
11599397,Magma92,3739,1,96,2265
11599415,Magsterq,38,3,5141,877
11599418,PeterTosh69,0,0,0,2794
11599470,CarpeNoctem,2842,13,48843,397
11599494,yuyu,0,1,361,1887
11599503,Mika1436,0,0,0,2795
11599602,briandaniels,0,1,63,2318
11599606,Better+jgl+wins,1115,31,225382,164
11599684,Dampwick,3066,9,31048,482
11599735,Guest599735,280,1,2379,1138
11599739,Albahar,0,1,941,1556
11599742,Vans,0,1,1899,1247
11599789,zozozn,2744,1,1839,1261
11599792,cammun,3943,1,1846,1260
11599850,colinma,0,0,0,2796
11599852,ZUNA33,4288,1,271,2003
11599873,The+Major,2903,11,53541,381
11599899,FireCruz,2903,14,72708,319
11599927,Guest599927,0,1,36,2511
11599930,Topalo,0,1,121,2218
11599950,Rahvanin,14,1,277,1990
11599980,Hotta1,3875,1,3715,968
11600000,Xenopool,0,1,102,2244
11600019,Birac420,469,1,853,1595
11600078,jowdmonkey,0,0,0,2797
11600114,baw14493,2797,1,1326,1420
11600132,Flamenco888,0,1,339,1909
11600161,hiteleaf,3951,8,27180,510
11600171,Guest600171,0,0,0,2798
11600220,stevenlongsc,2212,19,62199,348
11600268,Farmer19,3787,0,0,2799
11600280,128roote980,3790,1,629,1693
11600315,Paid+Postage,3849,1,734,1645
11600344,Roon312,0,1,3450,986
11600375,paul+wil+slap+u,3616,16,72195,321
11600469,TOFFEN,3919,1,1251,1443
11600507,Piglet12,8,29,166062,202
11600509,Doxix66,2842,2,7502,794
11600537,TheRealSimba,4255,1,546,1745
11600720,nikolay44687,2105,6,23083,549
11600722,alla,793,1,1701,1298
11600729,cms88,366,1,1289,1434
11600742,Lollons,0,1,36,2512
11600752,rewiex,610,1,706,1654
11600755,Pette,3875,3,7793,787
11600760,hisholyawesomeness,3505,11,50159,393
11600762,akshaypuri477,3505,11,27532,504
11600766,JohnRangBua.,0,1,1487,1363
11600771,josejuang,0,1,447,1807
11600801,mintikkis,3376,4,14921,652
11600856,Starkast,0,1,219,2067
11600974,Harman,2677,1,1704,1296
11600984,BLUEBLOOD,645,1,2833,1054
11601043,maidethess,0,1,2164,1181
11601072,kencur,648,1,342,1908
11601125,duncan21,3875,7,26165,522
11601139,olli93,4096,1,36,2513
11601165,episteme28,0,4,9480,740
11601173,amevo,648,1,1091,1503
11601206,AryaD,100,1,583,1725
11601213,wtvriwnt,4105,1,428,1822
11601294,Jack34s+army,3875,7,26712,513
11601297,EZY0450,3875,5,11385,702
11601303,mga320,2603,4,16337,633
11601339,Rumpig,610,0,0,2800
11601342,OAGz,3786,1,977,1536
11601346,TheViurse,2011,1,1988,1224
11601348,get+rekt,2859,51,246646,151
11601354,Eastwood,0,1,2582,1099
11601364,Gnu.,0,0,0,2801
11601367,Teuchter,363,4,5754,859
11601386,Hendroipa1,4275,1,36,2514
11601392,franchezmarco,0,0,0,2802
11601401,isakr1,3286,1,36,2515
11601432,Deakin1903,4063,12,66513,331
11601448,Ryan+wahyudi,666,1,100,2254
11601489,babatkuda,14,1,548,1743
11601536,myztery28,0,1,288,1974
11601555,ryanjpals,0,0,0,2803
11601558,JumboJim07,0,1,209,2078
11601598,Alkandari93,3875,5,14417,658
11601632,Mikey530,648,1,260,2019
11601653,C1oud,3616,3,11341,704
11601660,wnoddy,0,1,671,1672
11601686,BeTheBlade,0,0,0,2804
11601693,sniper46,3505,1,2289,1152
11601725,Devil+Of+Heaven,0,1,615,1701
11601771,Nordmann,4180,1,1963,1229
11601785,Goya,0,1,153,2167
11601804,BDCoots,3739,1,273,2001
11601816,elmaco,3975,1,802,1617
11601827,Aries+09,0,1,3017,1031
11601835,bladezera21,2903,9,60190,354
11601862,Chakreshwara,0,1,1071,1502
11601925,idrinkwinecoolrs,0,1,1284,1435
11601949,aniadur,3739,4,11216,706
11601964,MiniPetko,2122,1,3122,1021
11601975,Floki0071,0,1,1108,1490
11601977,Matt+Jaeger,3875,4,11629,697
11601989,thomas11,363,1,531,1753
11602001,Ffbb911,0,1,87,2288
11602065,TheSequel,0,1,36,2516
11602066,TheKjellberg,3953,1,36,2517
11602078,kanoompang,0,3,9415,742
11602112,Colibri,3128,4,12681,679
11602143,freaksho,3739,1,524,1757
11602152,otheriner,0,1,91,2282
11602165,godaprendice,4089,1,115,2223
11602512,jgaud4,2395,1,3276,1002
11602514,VersacePipboi,4052,1,383,1869
11602537,Demachy,0,0,0,2805
11602549,Markarth,3674,1,130,2210
11602638,Hermantyo69,2395,1,3156,1019
11602645,Noks,3376,1,1801,1269
11602703,Pirate23,4016,1,1558,1340
11602729,alixandere77,14,1,2513,1109
11602735,LeMau,645,1,3419,988
11602751,johannes+I,3920,1,646,1683
11602823,Gronk53,14,1,4686,898
11602826,Alaain,204,1,572,1730
11602857,Grande+Erk,3975,1,612,1707
11602862,Jakkzel,3975,1,747,1637
11602880,dontcallmewhite,4172,1,292,1967
11602890,Jagunaf,3975,1,510,1768
11602905,BaronVonToastie,3739,1,151,2174
11602924,HancyDevil,0,1,36,2518
11602953,jmdq91,2122,1,3233,1011
11603058,markn999,0,1,470,1793
11603110,witwasin,0,1,36,2519
11603166,Justin+Thyme,60,1,1130,1485
11603290,Toggelstone,0,1,303,1954
11603540,Faosaninsan,14,1,1408,1390
11603668,ViseGrip,4194,1,547,1744
11603763,Jarjar,328,1,36,2520
11603787,Muzdog4321,1601,1,1917,1238
11603884,Artieboy2015,0,0,0,2806
11603885,MidnightTheLW,4003,1,409,1842
11603931,Katakomba,0,1,266,2022
11604221,CaNoXiN,4174,5,28673,495
11604229,zanvidic,4180,1,1645,1308
848858078,vilieemil12,366,1,854,1593
848882576,KIRBY,366,1,4098,945
848882638,Breizhy,4097,1,36,2521
848882640,smurff-woods,2787,1,445,1808
848882650,pedrocpp,19,1,4581,905
848882790,Noobcake,3951,2,8609,757
848883050,downfall73,0,1,294,1965
848883283,1cornmilk,0,1,129,2211
848883362,JonasJones,1411,1,243,2042
848883368,sirgravy8,0,1,166,2140
848883785,Mr+Lahey,14,1,381,1872
848883809,Falkreath,0,1,598,1710
848883866,jegri,1411,1,36,2522
848883909,LoQuay,0,1,144,2196
848884006,Mcputin,0,0,0,2807
848884080,freefall8633,4003,1,269,2006
848884096,SWAZ69,3616,8,30675,484
848884260,sjora,0,1,3105,1024
848884336,F0xBr34d,4104,1,633,1691
848884403,pivobix,4181,1,2111,1192
848884498,ANTLIA,4083,1,2320,1148
848884500,tuborcom,0,1,36,2523
848884558,allerius,4279,1,388,1861
848884616,bobthedog,1411,1,1198,1463
848884623,Marilee,4279,1,594,1715
848884638,cahkene,473,1,1625,1316
848884881,Hermes4,0,1,36,2524
848884911,SSkriptor,0,1,796,1619
848884959,Lord+of+Tatt,3505,2,5029,882
848885067,qwesas,4238,1,163,2145
848885265,Cassanova,0,1,154,2162
848885297,nanadaime,3875,1,4408,920
848885394,Thingmabob,3265,1,395,1855
848885500,Woefre,3640,1,933,1560
848885700,Hobbit,4112,1,337,1913
848885909,Iron+Heart,0,1,318,1938
848885923,jonnernsover,610,0,0,2808
848886041,aliusak92,0,1,1534,1351
848886136,Saya,3021,1,642,1687
848886165,112+Amalia,0,1,36,2525
848886173,uNexteR,0,1,36,2526
848886212,MeltheGreat,100,1,88,2284
848886272,kent9832,381,1,289,1972
848886329,Bill+Melater,204,1,534,1752
848886331,Chulepson,0,2,4361,924
848886339,AdvancedBus,0,1,286,1978
848886349,Herpelmike,0,1,1067,1509
848886390,abood24,0,1,188,2111
848886398,Zaraza,0,1,36,2527
848886412,Soldier321,14,1,202,2088
848886430,dakola,0,1,36,2528
848886826,HugoErPro,0,1,185,2119
848886984,lexihood,1411,1,338,1911
848887216,Doodz2Trappy,0,1,58,2326
848887218,3ejel,0,1,241,2045
848887248,Ser+Nicolas,0,1,903,1571
848887447,Kotyan+Khan,0,1,36,2529
848887606,LeCorb,4248,1,645,1685
848887699,Lord+AC,100,1,635,1689
848887783,King+SillyGoose,0,1,360,1889
848887809,5tr+pure5,2971,1,42,2342
848887831,bobarian,747,1,154,2163
848887949,Marlborough,0,1,1184,1472
848888005,OldManSnoring,0,1,1260,1440
848888067,GoatsAndGlory,4111,1,1710,1294
848888410,kirilcroq,100,1,472,1791
848888441,SmallFish,4279,1,590,1722
848888465,The-ReapeR,4279,1,578,1727
848888470,alaskaki,2206,1,1848,1258
848888588,King+Stenhestra,0,1,192,2104
848888648,Skitzo,4279,1,1027,1526
848888660,andy44d,0,1,857,1592
848888674,Matthias.M,0,1,433,1820
848888822,BigKahuna22,0,0,0,2809
848888890,MeetUrMaker,2603,3,10186,723
848888908,Lady+Lord+Esra,0,1,591,1720
848889050,Ray+Charles,0,1,419,1830
848889131,Zyxiick,4166,1,1247,1445
848889132,XieZhang,4166,1,1282,1436
848889151,brute,4244,1,1119,1487
848889153,linsan,4274,1,1263,1439
848889179,dazor,4166,1,1236,1450
848889214,Ling+spetanno,0,1,36,2530
848889226,MrBristow,0,1,1365,1404
848889261,ramon12345,3021,1,1105,1500
848889487,hickson1995,0,1,162,2146
848889623,Lord+Byron,0,1,36,2531
848889842,molliejo1,0,1,465,1796
848889896,jam.marie,0,1,924,1562
848890069,Nexialist,0,1,150,2178
848890127,Jeffrey+Dead,0,1,1788,1274
848890157,justind75,0,1,282,1983
848890196,superduperbanan,0,1,203,2086
848890255,TheLastIllyrian,2746,1,323,1929
848890315,Hellion,648,1,1760,1280
848890448,Ingameagain,4274,1,578,1728
848890451,kemptner1234,0,1,412,1837
848890495,Nordic+Union,4274,1,165,2141
848890645,Keox10,4166,1,489,1777
848890722,juna,0,1,1873,1252
848890832,Christopher692,0,1,36,2532
848891096,pemula,3483,1,599,1708
848891257,acruxhooked,60,1,273,2002
848891466,Joaomarc,0,1,61,2321
848891496,Pledge,469,1,227,2056
848891795,keldog1,0,1,200,2091
848891945,enxiun,0,1,749,1636
848892066,TheLast4s,0,1,134,2205
848892159,Munna,0,1,982,1533
848892163,kolce,3021,1,404,1846
848892284,Yungdabber,0,1,1902,1245
848892377,xx+magiks+xx,645,1,153,2168
848892392,Anironn,366,1,683,1667
848892655,Vaguinha,0,1,440,1812
848892695,Noofy,4250,1,377,1877
848892831,jmurko,100,1,310,1946
848892882,nadamihalic1,3786,1,404,1852
848892927,semovec,610,1,164,2142
848892935,Berkie,0,1,88,2285
848893040,pantjoer,4252,1,201,2089
848893045,Rumblecro,4184,1,392,1857
848893091,sarakini21,0,1,36,2533
848893121,tuckerbateman,0,1,79,2307
848893175,Iamasleep,0,1,83,2300
848893209,Hans19,3739,1,709,1652
848893229,SCARDOG,0,1,36,2534
848893278,dkhina,1411,1,665,1676
848893298,Lund+insan,0,1,276,1991
848893426,svetsmrt91,2787,1,87,2289
848893524,MullMeck,0,1,270,2004
848893591,AthOakroot,0,1,111,2230
848893725,lepi+dasa,0,1,36,2535
848893735,BeyondGareeb,0,1,36,2536
848893774,NapBoy,0,1,36,2537
848893797,Ukulusam,0,1,36,2538
848893910,shibmung,0,1,76,2308
848893933,Bandersnatch,0,1,98,2261
848893935,keiekek,0,1,54,2329
848893951,150014850,0,1,131,2208
848893966,Nascimen7o,366,1,182,2123
848894027,Lymphocyte,204,1,774,1628
848894039,ThESpII2eR,4261,1,265,2012
848894049,OREJA,0,1,61,2322
848894051,creedofdead,0,1,81,2306
848894117,zaid,0,1,84,2296
848894203,Layne,4299,1,598,1711
848894285,Molco,204,1,657,1680
848894300,II+CcC+II,0,1,36,2539
848894305,KHALVI,0,0,0,2810
848894338,hitijevic,3196,1,739,1649
848894464,ViscaElBarca,0,1,36,2540
848894641,atxsu,0,1,36,2541
848894646,s441482,0,1,83,2301
848894725,mickopicke,0,1,36,2542
848894743,canufacik,0,1,36,2543
848894835,Trijbelwars,0,1,36,2544
848895013,Rocket+Hoops,4181,1,264,2013
848895045,Heruvimul,0,1,539,1751
848895088,SaadRules,0,1,36,2545
848895103,vongole+10,0,1,105,2240
848895134,Princess+Lovely,3951,1,1395,1397
848895179,Arslan48,0,1,36,2546
848895203,lllskull,0,1,36,2547
848895292,Corrazone,0,1,36,2548
848895365,Serma,0,1,36,2549
848895433,The+Blade18,0,1,36,2550
848895467,shogun869,0,1,83,2302
848895691,korell12,0,1,36,2551
848895825,Trogdor,0,1,142,2195
848895851,bunnyrabbik0321,0,1,56,2327
848895859,service,204,1,243,2046
848895876,DaniRodzialB,0,1,36,2552
848895890,Dizi,0,1,207,2082
848895904,ivana1,0,1,36,2553
848895916,KING+PARKER+288,0,1,150,2179
848895939,Kizar,0,1,36,2554
848895959,donatello167,4207,1,194,2099
848896038,GrumpytheDwarf,4290,1,389,1860
848896089,G0DTUN001x,0,1,188,2112
848896166,Tiga,0,1,40,2346
848896189,kosar1091,366,1,147,2185
848896248,BPC+Lads,0,1,183,2121
848896272,mkay123,0,1,76,2309
848896283,Ace0fSpades,0,1,150,2180
848896302,Ganjalf7,0,1,36,2555
848896400,kennykenken,0,1,154,2164
848896501,bombom,0,1,36,2556
848896522,Cesus,0,1,54,2330
848896575,Joker88,0,1,150,2186
848896611,Amalek,0,1,42,2343
848896639,Free2Play,1601,1,176,2132
848896640,papik12,0,1,83,2303
848896643,RussianMafia,644,1,219,2068
848896671,Okroshka,2122,1,180,2125
848896685,Outland3r,610,1,147,2187
848896686,Brennan,4299,1,220,2066
848896695,kokweza,0,1,87,2290
848896722,qwertyuiop25,0,1,83,2304
848896778,0987102904,0,1,146,2190
848896800,ZmanX101,0,1,83,2305
848896828,thepurplerino,0,1,93,2278
848896835,kunalsharma.027,0,1,36,2557
848896858,Maksim,0,1,36,2558
