237,4,75736
5,8,17315255
137,9,300039
331,13,9065
66,14,957927
73,15,817702
246,18,67167
101,19,536130
26,21,3362362
33,22,1901048
107,23,461974
323,27,10873
61,30,1005947
30,36,2004588
92,38,617434
53,49,1186098
258,51,55204
182,52,186223
39,58,1519830
114,60,387321
90,64,637725
388,73,1245
29,75,2763990
27,77,3183965
165,79,225453
181,100,187594
146,101,271654
153,102,251748
102,104,527588
41,105,1481226
159,111,238692
7,112,13719691
3,122,20030280
240,149,72374
151,163,252301
133,167,319966
374,176,2281
295,191,21980
156,204,242175
391,210,1122
366,218,2943
345,219,7080
315,231,12914
116,239,373694
87,241,662782
195,248,160301
332,264,9040
163,266,227725
166,278,225174
208,280,133371
117,298,372767
68,320,919545
105,328,504400
352,330,5561
125,363,349086
177,366,197073
121,367,360124
300,369,19018
12,377,10059613
217,381,107354
211,391,129655
64,395,982312
112,406,404073
365,418,2965
241,425,71804
18,432,5813944
288,437,27134
185,438,177945
55,443,1113440
145,462,281601
171,466,204550
174,469,200657
57,473,1106187
54,475,1175845
4,479,18477095
362,486,3308
132,509,321938
9,519,12762210
13,526,10017654
225,549,98778
42,551,1399759
99,560,561626
24,566,3921872
244,574,69197
383,576,1457
296,586,21612
70,602,896597
167,610,222890
197,612,153381
334,617,8369
150,635,258461
399,637,465
188,644,173458
184,645,182407
113,648,394874
103,649,512948
253,665,60524
224,666,100129
126,670,347299
307,674,15644
14,677,9239326
154,699,251712
187,702,177256
93,709,610677
127,712,345556
320,744,11449
49,747,1248736
202,767,144283
191,793,167622
81,827,746592
247,885,67035
2,898,23982732
141,900,291368
381,902,1621
51,903,1235427
260,928,52286
44,982,1350156
319,985,11581
142,988,288611
79,1062,759477
115,1064,384759
1,1070,34270270
135,1082,307167
245,1088,68537
17,1115,6747298
292,1134,24477
308,1175,15436
270,1197,36712
136,1228,300912
349,1238,6227
207,1256,136752
88,1260,657276
338,1289,8196
341,1306,7710
20,1308,5082242
360,1332,3877
15,1337,8436815
130,1346,337495
227,1390,93119
214,1402,111999
286,1403,27710
222,1411,102335
251,1428,65262
21,1443,4997379
100,1477,550061
63,1519,984112
162,1548,231979
263,1563,48652
218,1601,106320
134,1612,309203
382,1629,1502
417,1652,15
212,1685,122249
355,1696,4979
255,1706,59987
110,1735,429942
357,1781,4330
23,1787,3972035
261,1790,50010
60,1801,1053393
358,1834,4306
321,1849,10937
131,1866,329789
200,1883,149951
324,1937,10692
344,1958,7205
69,1962,898385
259,1983,54108
119,1992,371172
111,2011,405057
173,2048,201289
272,2062,32886
35,2094,1825929
46,2105,1319558
229,2119,88063
164,2122,225827
397,2136,522
387,2152,1269
239,2163,72625
31,2165,1960606
192,2206,163974
37,2210,1548367
97,2212,581509
318,2230,12328
223,2251,101839
8,2258,12770849
333,2262,8966
124,2283,349764
274,2293,31091
95,2313,601296
190,2354,169051
313,2360,13593
67,2365,941555
249,2370,65777
285,2380,28226
238,2395,75511
201,2405,149402
389,2411,1171
80,2428,758723
189,2455,170220
289,2472,26140
322,2475,10893
335,2486,8339
128,2498,340308
277,2505,30483
28,2544,3108564
312,2568,13729
40,2603,1491424
279,2620,30073
205,2631,140600
294,2639,22839
281,2642,29145
71,2650,851337
359,2653,4148
106,2667,465484
204,2677,142977
210,2699,129721
158,2714,240840
309,2724,15240
59,2744,1077205
109,2746,432722
82,2758,725315
404,2766,290
16,2767,7277748
310,2775,14638
175,2778,198469
193,2787,162628
10,2788,11021769
176,2797,197107
147,2808,267499
236,2815,76315
378,2826,1783
178,2831,196585
11,2834,11010215
45,2842,1326663
160,2859,234389
407,2879,185
325,2902,10614
22,2903,4174292
353,2915,5481
329,2921,9485
43,2957,1384423
371,2962,2376
120,2964,369648
144,2968,285701
85,2971,694348
152,2985,252047
252,2990,64642
19,3004,5549535
96,3021,582910
273,3029,32777
368,3031,2637
254,3033,60096
228,3061,88369
56,3066,1109376
38,3076,1540489
363,3083,3258
108,3088,460991
276,3120,30614
74,3128,810675
89,3133,643563
342,3143,7294
302,3145,17798
304,3161,17512
140,3167,295556
47,3196,1292067
206,3197,136986
256,3200,59905
62,3201,1003083
118,3214,372220
98,3265,563627
72,3267,819217
284,3268,28887
65,3283,965875
220,3286,103957
330,3335,9413
372,3358,2359
216,3359,110063
183,3363,184971
48,3376,1288188
78,3381,764559
280,3384,29184
235,3433,76623
226,3434,94368
401,3457,334
91,3465,622775
157,3474,241108
138,3476,299372
269,3483,37050
149,3484,262349
129,3505,339319
250,3512,65648
290,3526,25651
303,3541,17666
172,3548,201327
264,3559,48276
209,3560,131144
350,3568,5673
52,3601,1217505
36,3603,1668056
379,3613,1747
139,3616,297363
305,3617,17471
233,3625,80442
83,3633,723244
301,3640,18134
408,3643,150
50,3647,1236022
84,3648,719084
266,3661,42790
396,3670,640
215,3674,110982
412,3675,100
403,3717,296
392,3721,1032
380,3722,1651
143,3739,286286
351,3781,5619
287,3786,27406
271,3787,33891
316,3790,12868
194,3805,162007
76,3813,802860
161,3838,232743
219,3849,105042
278,3851,30372
275,3855,30827
343,3873,7276
198,3875,150974
168,3898,222018
230,3903,86174
367,3904,2834
86,3906,691318
411,3917,102
373,3919,2345
369,3920,2544
155,3943,243521
234,3951,79104
348,3952,6432
328,3953,9592
291,3964,24758
232,3975,81155
25,3977,3638460
375,3984,2194
242,3985,71599
243,3986,69706
123,4001,355642
299,4003,19453
203,4011,143604
413,4013,93
390,4014,1136
340,4015,7952
297,4016,21077
317,4027,12413
32,4028,1933294
282,4036,28994
170,4042,205979
410,4051,108
169,4052,220434
354,4062,5206
213,4063,119182
267,4072,39492
231,4073,85309
58,4077,1087088
386,4078,1341
311,4089,14624
384,4096,1373
268,4097,39317
94,4099,607038
186,4101,177266
415,4104,64
339,4105,7989
248,4107,66602
34,4108,1845350
75,4111,804968
370,4112,2471
283,4114,28902
179,4125,192907
361,4129,3813
293,4131,23190
298,4158,20577
347,4159,6949
148,4166,265758
406,4172,208
398,4174,469
257,4181,55480
221,4183,103902
395,4184,696
385,4188,1351
400,4189,362
196,4195,153609
409,4198,130
416,4211,55
326,4212,10418
180,4215,192907
262,4219,49212
414,4228,92
377,4237,1848
265,4238,46150
6,4249,16743137
356,4255,4785
405,4258,247
77,4264,770578
376,4265,2066
393,4267,914
104,4268,505071
402,4270,324
394,4272,710
364,4273,3077
337,4274,8197
314,4278,13021
327,4282,9772
306,4283,17252
336,4285,8331
346,4287,6996
199,4289,150247
122,4293,357482
