317,4,144
14,8,7555117
132,9,57362
135,14,53698
98,15,122980
266,18,3169
78,19,230804
54,21,580807
96,22,126151
304,23,353
324,27,79
92,30,147046
61,36,422580
145,38,44048
45,49,744390
207,51,13795
233,52,8829
81,58,200081
189,60,20000
113,64,94364
329,73,56
53,75,592120
37,77,1006083
312,79,211
180,100,26374
173,101,28165
252,102,5061
126,104,65415
33,105,1143952
128,111,60212
2,112,53598077
1,122,53954300
167,149,31172
176,163,27240
267,167,3000
273,191,2122
179,204,26659
217,218,12100
334,219,40
144,231,46463
310,239,230
288,241,1061
247,248,6383
276,266,2099
236,278,8239
198,280,16672
314,298,180
79,320,203827
97,328,123350
164,363,31618
188,366,21034
280,367,1571
275,369,2100
4,377,21667930
184,381,21998
101,391,119095
254,395,4842
227,406,10075
294,425,656
27,432,2613100
339,437,17
112,438,98373
22,443,3642590
192,462,19095
271,466,2797
193,469,18624
143,473,48076
63,475,409031
7,479,16004781
285,486,1171
257,509,4341
13,519,7948882
8,526,14986021
286,549,1160
74,551,263499
272,560,2640
38,566,990255
214,574,12652
239,576,7946
249,586,6108
39,602,941705
225,610,10190
250,612,5948
309,617,249
297,635,576
298,637,507
240,644,7674
190,645,19361
138,648,50230
146,649,43635
320,665,117
211,666,13318
175,670,27413
205,674,13963
23,677,3149597
319,699,136
123,702,73623
110,709,103950
142,712,48325
242,744,6826
36,747,1045243
258,793,4263
62,827,414426
117,885,87225
5,898,19659486
119,900,84289
21,903,3932076
223,928,10900
72,982,276336
313,985,195
282,988,1367
274,1062,2120
204,1064,14369
12,1070,9545900
93,1082,143590
174,1088,27469
9,1115,14088846
237,1134,8169
284,1175,1283
281,1197,1505
244,1228,6540
172,1256,29512
99,1260,119288
316,1289,152
30,1308,1327497
3,1337,36447786
84,1346,184657
231,1390,8951
106,1402,109736
134,1411,54313
226,1428,10096
11,1443,11772286
111,1477,100370
85,1519,183780
166,1548,31413
261,1563,4051
221,1601,11044
186,1612,21764
160,1685,34552
306,1696,277
270,1706,2848
162,1735,33703
6,1787,18239900
156,1790,36355
87,1801,171848
67,1866,381618
212,1883,13130
322,1937,92
287,1958,1143
141,1962,49802
155,1983,37234
88,2011,169898
269,2048,2934
163,2062,32262
18,2094,5138325
32,2105,1147580
191,2119,19235
147,2122,43085
232,2163,8868
65,2165,396174
149,2206,41027
69,2210,363118
42,2212,831275
253,2230,4887
208,2251,13539
16,2258,5369423
300,2262,452
34,2283,1140008
234,2293,8620
50,2313,664975
197,2354,16782
251,2360,5148
19,2365,4830004
260,2370,4056
283,2380,1285
196,2395,17908
168,2405,30609
338,2411,18
47,2428,689692
153,2472,38138
170,2498,30553
308,2505,259
10,2544,13132676
246,2568,6500
41,2603,881143
323,2620,84
159,2631,35714
295,2639,633
230,2642,9319
118,2650,84707
293,2653,677
177,2667,27107
68,2677,373916
171,2699,29888
259,2714,4179
321,2724,105
107,2744,109025
49,2746,666077
83,2758,192785
17,2767,5367750
127,2778,61932
187,2787,21532
20,2788,4527638
158,2797,35929
82,2808,194526
52,2815,604225
342,2826,5
216,2831,12277
26,2834,2708019
40,2842,930612
35,2859,1124800
305,2902,304
28,2903,2235654
140,2921,49848
102,2957,118716
299,2962,502
44,2964,798838
80,2968,202187
154,2971,37301
220,2985,11253
25,3004,2776640
150,3021,40061
264,3029,3360
215,3061,12436
24,3066,2782793
202,3076,15074
48,3088,680816
120,3120,79586
51,3128,645149
89,3133,166574
139,3161,50220
195,3167,17939
108,3196,107297
157,3197,36132
206,3200,13808
209,3201,13538
109,3214,104061
115,3265,92373
178,3267,26675
263,3268,3782
124,3283,70557
169,3286,30609
151,3359,38914
100,3376,119123
46,3381,707548
131,3384,58343
201,3433,16108
229,3434,9536
55,3465,568833
66,3474,384504
129,3476,59984
218,3483,11792
152,3484,38669
29,3505,1418655
228,3512,10005
311,3526,213
277,3541,1933
86,3548,173783
301,3559,439
344,3560,1
296,3568,596
121,3601,76099
130,3603,59630
43,3616,803842
185,3617,21847
219,3633,11616
255,3640,4582
58,3647,481901
64,3648,397040
262,3661,3891
332,3674,50
136,3675,52944
279,3722,1649
133,3739,55558
238,3781,8159
303,3786,394
243,3787,6602
289,3790,983
125,3805,67706
116,3813,89374
56,3838,559652
235,3849,8341
328,3851,57
161,3855,34485
340,3873,9
95,3875,130392
122,3898,74859
203,3903,14751
343,3904,4
73,3906,274781
330,3919,54
326,3920,76
77,3951,238702
268,3953,2971
182,3964,23518
199,3975,16618
57,3977,500944
210,3985,13378
307,3986,276
91,4001,149666
137,4011,50639
336,4015,30
327,4016,66
241,4027,7556
60,4028,426254
222,4036,10907
105,4042,110560
315,4051,160
70,4052,299816
71,4063,298336
59,4072,451123
213,4073,13043
31,4077,1290010
278,4078,1876
183,4099,22869
104,4107,112609
75,4108,263336
165,4111,31432
148,4114,42545
224,4125,10702
245,4131,6517
302,4159,431
248,4166,6308
103,4174,116137
200,4180,16338
194,4181,18470
265,4184,3307
333,4207,47
335,4209,36
337,4216,27
181,4238,24287
318,4244,142
331,4248,54
15,4249,6583584
114,4264,93142
325,4267,76
291,4272,915
292,4273,835
256,4278,4463
341,4279,9
290,4285,928
90,4287,164685
94,4289,136927
76,4293,254660
