252,4,75880
9,8,24870372
147,9,357401
340,13,9065
83,14,1011625
87,15,940682
260,18,70336
97,19,766934
32,21,3943169
45,22,2027199
128,23,462327
329,27,10952
75,30,1152993
37,36,2427168
106,38,661482
46,49,1930488
263,51,68999
195,52,195052
51,58,1719911
134,60,407321
100,64,732089
392,73,1301
34,75,3356110
30,77,4190048
184,79,225664
188,100,213968
158,101,299819
173,102,256809
114,104,593003
35,105,2625178
159,111,298904
2,112,67317768
1,122,73984580
235,149,103546
164,163,279541
151,167,322966
381,176,2281
303,191,24102
168,204,268834
396,210,1122
322,218,15043
353,219,7120
273,231,59377
141,239,373924
105,241,663843
210,248,166684
341,264,9040
182,266,229824
179,278,233413
219,280,150043
142,298,372947
77,320,1123372
110,328,627750
357,330,5561
137,363,380704
187,366,218107
145,367,361695
307,369,21118
7,377,31727543
224,381,129352
176,391,248750
84,395,987154
133,406,414148
373,418,2965
257,425,72460
21,432,8427044
301,437,27151
165,438,276318
29,443,4756030
157,462,300696
190,466,207347
186,469,219281
74,473,1154263
55,475,1584876
6,479,34481876
363,486,4479
150,509,326279
13,519,20711092
8,526,25003675
239,549,99938
53,551,1663258
116,560,564266
28,566,4912127
249,574,81849
338,576,9403
299,586,27720
48,602,1838302
180,610,233080
214,612,159329
342,617,8618
172,635,259037
399,637,972
201,644,181132
194,645,201768
131,648,445104
117,649,556583
271,665,60641
228,666,113447
140,670,374712
296,674,29607
20,677,12388923
174,699,251848
175,702,250879
102,709,714627
136,712,393881
314,744,18275
42,747,2293979
221,767,144283
207,793,171885
73,827,1161018
217,885,154260
5,898,43642218
138,900,375657
388,902,1621
27,903,5167503
269,928,63186
54,982,1626492
328,985,11776
161,988,289978
98,1062,761597
135,1064,399128
4,1070,43816170
130,1082,450757
242,1088,96006
12,1115,20836144
291,1134,32646
319,1175,16719
288,1197,38217
155,1228,307452
356,1238,6227
211,1256,166264
96,1260,776564
343,1289,8348
349,1306,7710
25,1308,6409739
368,1332,3877
3,1337,44884601
118,1346,522152
236,1390,102070
185,1402,221735
300,1403,27710
216,1411,156648
254,1428,75358
15,1443,16769665
108,1477,650431
72,1519,1167892
169,1548,263392
276,1563,52703
225,1601,117364
149,1612,330967
389,1629,1502
423,1652,15
215,1685,156801
359,1696,5256
270,1706,62835
127,1735,463645
364,1781,4330
11,1787,22211935
247,1790,86365
68,1801,1225241
365,1834,4306
330,1849,10937
103,1866,711407
212,1883,163081
333,1937,10784
344,1958,8348
86,1962,948187
245,1983,91342
143,1992,371172
115,2011,574955
192,2048,204223
266,2062,65148
23,2094,6964254
36,2105,2467138
232,2119,107298
167,2122,268912
401,2136,522
393,2152,1269
250,2163,81493
41,2165,2356780
191,2206,205001
47,2210,1911485
62,2212,1412784
318,2230,17215
227,2251,115378
14,2258,18140272
336,2262,9418
58,2283,1489772
284,2293,39711
67,2313,1266271
198,2354,185833
313,2360,18741
26,2365,5771559
262,2370,69833
297,2380,29511
243,2395,93419
202,2405,180011
394,2411,1189
61,2428,1448415
209,2455,170220
268,2472,64278
332,2475,10893
345,2486,8339
144,2498,370861
292,2505,30742
16,2544,16241240
309,2568,20229
39,2603,2372567
294,2620,30157
205,2631,176314
304,2639,23472
287,2642,38464
88,2650,936044
361,2653,4825
123,2667,492591
120,2677,516893
213,2699,159609
177,2714,245019
321,2724,15345
70,2744,1186230
80,2746,1098799
89,2758,918100
406,2766,290
19,2767,12645498
323,2775,14638
171,2778,260401
200,2787,184160
17,2788,15549407
181,2797,233036
129,2808,462025
104,2815,680540
385,2826,1788
189,2831,208862
18,2834,13718234
43,2842,2257275
65,2859,1359189
410,2879,185
331,2902,10918
24,2903,6409946
358,2915,5481
274,2921,59333
57,2957,1503139
374,2962,2878
71,2964,1168486
125,2968,487888
101,2971,731649
170,2985,263300
267,2990,64642
22,3004,8326175
112,3021,622971
289,3029,36137
376,3031,2637
272,3033,60096
238,3061,100805
33,3066,3892169
56,3076,1555563
371,3083,3258
76,3088,1141807
231,3120,110200
60,3128,1455824
94,3133,810137
351,3143,7294
315,3145,17798
264,3161,67732
154,3167,313495
64,3196,1399364
206,3197,173118
256,3200,73713
82,3201,1016621
126,3214,476281
107,3265,656000
92,3267,845892
290,3268,32669
81,3283,1036432
222,3286,134566
337,3335,9413
380,3358,2359
220,3359,148977
199,3363,184971
63,3376,1407311
59,3381,1472107
246,3384,87527
244,3433,92731
233,3434,103904
403,3457,334
69,3465,1191608
111,3474,625612
146,3476,359356
278,3483,48842
156,3484,301018
49,3505,1757974
253,3512,75653
302,3526,25864
311,3541,19599
139,3548,375110
279,3559,48715
223,3560,131145
355,3568,6269
66,3601,1293604
50,3603,1727686
386,3613,1747
79,3616,1101205
285,3617,39318
251,3625,80442
99,3633,734860
305,3640,22716
411,3643,150
52,3647,1717923
78,3648,1116124
281,3661,46681
400,3670,640
230,3674,111032
275,3675,53044
405,3717,296
397,3721,1032
370,3722,3300
148,3739,341844
326,3781,13778
298,3786,27800
282,3787,40493
325,3790,13851
183,3805,229713
90,3813,892234
95,3838,792395
229,3849,113383
293,3851,30429
265,3855,65312
352,3873,7285
163,3875,281366
160,3898,296877
237,3903,100925
375,3904,2838
85,3906,966099
414,3917,102
379,3919,2399
377,3920,2620
178,3943,243521
152,3951,317806
354,3952,6432
327,3953,12563
280,3964,48276
241,3975,97773
31,3977,4139404
382,3984,2194
248,3985,84977
261,3986,69982
121,4001,505308
312,4003,19453
196,4011,194243
415,4013,93
395,4014,1136
348,4015,7982
306,4016,21143
310,4027,19969
40,4028,2359548
283,4036,39901
153,4042,316539
407,4051,268
119,4052,520250
360,4062,5206
132,4063,417518
124,4072,490615
240,4073,98352
38,4077,2377098
372,4078,3217
324,4089,14624
390,4096,1373
286,4097,39317
109,4099,629907
204,4101,177266
417,4104,64
347,4105,7989
203,4107,179211
44,4108,2108686
93,4111,836400
378,4112,2471
258,4114,71447
193,4125,203609
369,4129,3813
295,4131,29707
308,4158,20577
350,4159,7380
166,4166,272066
409,4172,208
226,4174,116606
320,4180,16338
255,4181,73950
234,4183,103902
366,4184,4003
391,4188,1351
402,4189,362
218,4195,153609
413,4198,130
420,4207,47
421,4209,36
418,4211,55
334,4212,10418
197,4215,192907
422,4216,27
277,4219,49212
416,4228,92
384,4237,1848
259,4238,70437
412,4244,142
419,4248,54
10,4249,23326721
362,4255,4785
408,4258,247
91,4264,863720
383,4265,2066
398,4267,990
122,4268,505071
404,4270,324
387,4272,1625
367,4273,3912
346,4274,8197
316,4278,17484
424,4279,9
335,4282,9772
317,4283,17252
339,4285,9259
208,4287,171681
162,4289,287174
113,4293,612142
